2.0000000000000004
-2.7755575615628914e-17
0.30000000000000004
1.2
0.4
2.600000000000001
3.799999999999993
0.7
0.1
0.3
2.5000000000000018
0.09999999999999987
0.6
1.8000000000000005
1.8000000000000012
3.5000000000000018
0.3999999999999999
0
0
-0.5
0.30000000000000004
0.3999999999999997
0.5
0.7
2.0000000000000004
0.9999999999999999
3.2000000000000015
0.6
2.600000000000002
0.30000000000000004
-5.551115123125783e-17
1.8000000000000005
0.7999999999999999
0.5
3.1000000000000014
-2.7755575615628914e-17
1.0000000000000004
-0.5
0.7999999999999999
1.0999999999999999
0.6
0.6
1.9000000000000021
-0.7
0.2
6.19999999999999
0.5
1.0999999999999999
2.900000000000002
0.5000000000000001
1.6000000000000003
0.9000000000000005
4.500000000000003
2.0000000000000013
1.7000000000000004
2.6000000000000028
4.8999999999999995
0.5
-1.3877787807814457e-16
1.4000000000000001
0.9999999999999999
-0.20000000000000015
0.19999999999999998
0
0.1
0
0
3.2000000000000033
0.5
4.9999999999999964
1.7000000000000002
0.1
3.700000000000003
1.5000000000000036
2.400000000000001
0
1.9000000000000006
0.6
5.599999999999997
1.6000000000000014
0.1
-0.8
1.7000000000000004
0.29999999999999993
0.5
0.19999999999999987
3.5000000000000027
-0.7000000000000001
2.5000000000000018
0.5
0.7
0.19999999999999998
0.3
2.3000000000000016
1.5000000000000004
0.4
-2.7755575615628914e-17
0.7999999999999998
0.6
0.30000000000000004
0.1
0
-0.6000000000000001
2.1000000000000023
2.8000000000000034
0.5
2.900000000000003
-1.3877787807814457e-16
0.9000000000000002
1.0999999999999999
0.2
1.7000000000000004
0.4999999999999998
0.4
0
0.1999999999999999
0.30000000000000004
4.600000000000001
0
1.0999999999999999
0.4
0.3
1.2
3.8000000000000007
0.30000000000000004
-2.7755575615628914e-17
0.19999999999999996
1.5000000000000002
1.7000000000000004
1.0999999999999999
1.4000000000000001
0.49999999999999967
0.30000000000000004
0.7999999999999997
1.5000000000000029
0.6
3.700000000000005
-0.7000000000000001
2.400000000000003
0.9999999999999999
0.7999999999999999
1.6000000000000003
2.0000000000000013
0.4
0.29999999999999993
6.099999999999987
1.4000000000000004
0.19999999999999987
1.4000000000000001
-0.40000000000000013
0.6
1.9000000000000021
1.2000000000000006
-0.30000000000000016
-0.30000000000000016
-0.10000000000000003
0.30000000000000004
0.30000000000000004
1.0999999999999999
1.3
1.5000000000000022
0
0.19999999999999998
1.0999999999999999
0.4
0.2
0.7000000000000004
0.2
-0.10000000000000003
3.6000000000000028
1.4000000000000001
0.30000000000000004
0.4
0.900000000000001
1.3
1.1000000000000008
0.30000000000000004
1.3
3.000000000000003
0
0.6
0.4999999999999999
1.9000000000000006
-1.3877787807814457e-16
1.8000000000000005
0.30000000000000004
1.7000000000000013
0.7999999999999999
-0.10000000000000014
0.09999999999999998
0.1
1.1000000000000005
0.7
1.2000000000000004
4.400000000000001
0.3999999999999999
0.5
0.4
0.5
-0.4
2.6000000000000014
2.600000000000001
0.1
0.5
0.1
0.4
-0.20000000000000015
0.6999999999999997
1.6000000000000003
3.600000000000002
0.6
2.3000000000000016
-0.30000000000000004
0.2
1.8000000000000007
3.4000000000000026
0.7
0.4
0.5999999999999999
2.3000000000000007
0.2999999999999998
0.30000000000000004
1.0999999999999999
0.4
1.6000000000000012
-0.20000000000000015
0.7
0.30000000000000004
-0.30000000000000016
1.0999999999999999
2.3000000000000016
1.5000000000000002
1.2000000000000008
0.30000000000000004
0.4
0.5
1.2
0.6
3.000000000000004
-5.551115123125783e-17
1.9000000000000006
2.1000000000000005
0.7
0.8999999999999999
0.1
0.5
2.2000000000000015
2.700000000000002
0.7999999999999999
1.2000000000000004
0.4
2.600000000000002
0.2
3.1000000000000023
0.8000000000000004
6.099999999999992
0.8000000000000003
4.6000000000000005
3.2000000000000024
0.30000000000000004
0.2
2.1000000000000014
0.4
0.9999999999999999
1.9000000000000006
0.4999999999999999
0.4
0
0.8000000000000005
0.6
0.9999999999999997
0.7
0.2
0.7999999999999999
1.0999999999999999
0.1
0.3999999999999999
0.4
0.9999999999999996
0
0
0.1
1.0999999999999999
0.7
7.399999999999984
6.199999999999992
0.29999999999999993
0.5
1.9000000000000006
0.2
0.4
-0.20000000000000004
0.8999999999999999
-0.8
3.000000000000002
0.7
1.9000000000000006
0.6
0.6
1.8000000000000012
0.30000000000000004
-0.10000000000000003
0.4
1.8000000000000005
0
0.1
2.5000000000000027
0.30000000000000004
1.0999999999999999
0.9999999999999999
0.5
2.5000000000000018
0.2
0.30000000000000004
1.6000000000000003
-0.7000000000000001
3.1000000000000014
0.6
0.7999999999999999
0.8999999999999998
1.0999999999999999
2.4000000000000017
0.30000000000000004
0.8999999999999999
0.6
0
1.6000000000000003
0.9999999999999999
0.6
-1.3877787807814457e-16
0.1
0.5999999999999999
0.6
0.1
0
3.6000000000000023
1.8000000000000012
4.399999999999998
5.899999999999995
0.2999999999999999
0.4
2.500000000000001
0.30000000000000004
0.7999999999999999
0.5999999999999998
2.100000000000002
0.7999999999999999
0.30000000000000004
1.2
0.6
0.3999999999999999
4.9
1.3
1.9000000000000006
0.7999999999999999
5.699999999999995
0.8999999999999998
1.2
2.700000000000001
2.0000000000000004
0.1
0.29999999999999993
0.1
1.2
-0.7000000000000001
3.3000000000000016
5.099999999999998
0.1
4.0000000000000036
1.0999999999999999
3.0000000000000013
0.5
2.2000000000000024
3.1000000000000014
2.400000000000001
3.3000000000000016
4.400000000000001
0.9999999999999999
1.9000000000000006
1.3000000000000007
2.800000000000002
0.1
0.7
3.4000000000000017
2.400000000000001
2.2000000000000006
0.9999999999999999
3.800000000000003
4.100000000000002
0
0.6
0.7
1.3
1.8000000000000005
0.09999999999999987
0.7
1.3
1.6000000000000003
4.999999999999998
1.4000000000000001
2.400000000000001
2.0000000000000004
0.4
3.6000000000000028
0.7999999999999998
-1
0.9999999999999999
1.4000000000000001
0.30000000000000004
1.3
2.400000000000001
1.0999999999999999
1.4000000000000001
3.900000000000003
0.5
2.800000000000001
0.7999999999999999
0.6
1.2
0.1
5.399999999999997
2.2000000000000006
1.3
6.599999999999993
0.5
2.1000000000000005
-0.20000000000000015
1.0999999999999999
0.9999999999999999
5.299999999999997
1.5000000000000002
8.499999999999979
0.4
0.9999999999999999
-0.30000000000000004
3.0000000000000018
0.6
3.2000000000000015
1.8000000000000005
1.6000000000000003
2.1000000000000005
1.2
0.6
1.9000000000000006
3.000000000000002
1.0999999999999999
0.5
5.1999999999999975
3.2000000000000015
0.7
6.299999999999994
1.6000000000000003
2.3000000000000007
0.7
2.1000000000000005
0.7
4.300000000000001
0.3999999999999999
2.2000000000000006
1.3
0.9999999999999999
0.4
5.999999999999992
2.3000000000000016
2.3000000000000007
0.30000000000000004
0.1
0.30000000000000004
2.400000000000001
0.7
2.0000000000000004
1.2000000000000006
4.200000000000001
0.9999999999999999
5.699999999999993
2.0000000000000013
0
3.5000000000000027
0.7
0.5
3.0000000000000013
0.30000000000000004
0
2.4000000000000017
6.699999999999992
4.200000000000001
0
1.4000000000000001
2.2000000000000006
1.3
1.4000000000000001
12.999999999999972
0.7999999999999999
2.2000000000000006
0.4
3.3000000000000016
0.7999999999999999
-0.20000000000000004
3.3000000000000016
1.0999999999999999
4.4
12.299999999999965
14.599999999999955
0.2
0.7999999999999999
0.5
6.099999999999994
-0.30000000000000004
1.8000000000000005
2.1000000000000005
2.9000000000000012
8.499999999999988
4.799999999999999
2.600000000000001
2.1000000000000014
1.4000000000000001
0.7999999999999999
1.8000000000000005
1.600000000000001
3.1000000000000014
4.5
4.000000000000002
0.7999999999999998
5.1
-2.7755575615628914e-17
3.0000000000000013
3.5000000000000027
4.999999999999996
5.899999999999992
2.3000000000000007
6.5999999999999925
4.999999999999999
2.3000000000000007
1.6000000000000003
3.4000000000000017
2.900000000000002
3.1000000000000014
0.30000000000000004
2.2000000000000015
0
1.6000000000000003
8.999999999999982
0.8999999999999999
1.3
0
1.8000000000000005
0.30000000000000004
0.9999999999999999
2.800000000000001
3.5000000000000018
5.099999999999999
4.500000000000001
0.7
6.299999999999994
0.8999999999999999
3.600000000000002
0.30000000000000004
4.899999999999998
0
6.199999999999994
3.4000000000000017
12.799999999999967
4.4
5.299999999999997
0.4
7.099999999999992
7.499999999999989
0.4
2.800000000000001
0.7
0.4
4.999999999999999
0.4
5.299999999999995
4.100000000000001
2.9000000000000012
9.99999999999998
0
1.4000000000000001
1.6000000000000003
2.400000000000001
3.3000000000000016
-0.6000000000000001
0.1
0.1
2.400000000000001
0
3.6000000000000028
0
5.499999999999997
28.200000000000145
1.9000000000000006
3.3000000000000016
4.799999999999999
0.1
7.599999999999985
2.700000000000001
3.700000000000003
1.0999999999999999
2.9000000000000012
1.7000000000000004
0.5
5.899999999999995
0.8999999999999999
10.699999999999974
1.2
0.30000000000000004
1.2000000000000002
3.4000000000000017
4.999999999999995
4.100000000000001
10.899999999999977
3.700000000000002
10.099999999999977
3.2000000000000015
9.399999999999979
0.6
5.699999999999992
0.8999999999999999
10.399999999999977
5.699999999999997
1.7000000000000004
3.700000000000003
0.8999999999999999
0.8999999999999999
1.6000000000000008
0
6.699999999999989
0.5
13.299999999999967
25.900000000000105
5.299999999999997
2.2000000000000006
0.4
18.999999999999993
0.30000000000000004
1.3
3.900000000000002
0.9999999999999999
1.6000000000000003
6.49999999999999
6.899999999999992
1.2
2.600000000000002
0.1
10.69999999999998
7.099999999999991
2.600000000000002
11.69999999999997
2.600000000000001
8.799999999999985
2.0000000000000004
20.600000000000016
3.700000000000002
8.89999999999998
6.19999999999999
6.399999999999993
0.8999999999999999
7.699999999999986
8.199999999999983
8.299999999999986
5.8999999999999915
4.200000000000001
1.2
2.800000000000001
1.5000000000000002
17.799999999999986
0.8999999999999999
5.999999999999996
1.3
10.199999999999978
0
5.399999999999997
3.0000000000000018
4.4
0.6
8.599999999999985
10.599999999999975
0.2
0.7
12.799999999999967
6.2999999999999945
2.9000000000000012
14.69999999999996
2.700000000000002
0.7999999999999999
3.4000000000000017
0.1
2.500000000000001
19.5
0.8999999999999999
4.6
2.500000000000001
4.1
0.6
4.899999999999999
0.8999999999999999
0.09999999999999995
11.499999999999975
10.59999999999998
0.8999999999999999
25.100000000000097
15.799999999999956
2.3000000000000007
6.099999999999994
1.2000000000000004
12.699999999999964
18.89999999999999
9.69999999999998
15.499999999999954
1.6000000000000003
3.900000000000002
33.80000000000022
5.4999999999999964
24.700000000000088
3.3000000000000016
7.799999999999988
16.299999999999958
6.69999999999999
15.799999999999956
18.29999999999999
3.5000000000000018
7.599999999999989
0.19999999999999993
7.899999999999988
0.5999999999999999
4.699999999999999
2.500000000000001
2.600000000000001
7.19999999999999
2.800000000000002
2.400000000000001
23.000000000000075
0.7
27.600000000000147
8.499999999999986
45.20000000000042
10.999999999999975
-0.20000000000000004
6.499999999999993
14.699999999999964
1.4000000000000001
17.999999999999986
8.899999999999983
4.699999999999999
0.30000000000000004
4.699999999999999
16.599999999999962
6.299999999999994
3.5999999999999996
16.599999999999962
1.5000000000000002
15.39999999999996
6.5999999999999925
0.8999999999999999
3.600000000000002
11.199999999999976
24.900000000000095
6.399999999999991
27.800000000000153
17.19999999999997
0.1
5.899999999999995
36.50000000000027
15.799999999999956
4.100000000000001
4.000000000000002
14.59999999999996
1.3
3.3000000000000016
0.6
8.399999999999986
7.199999999999987
2.700000000000001
9.699999999999982
18.700000000000006
2.400000000000001
18.999999999999996
4.799999999999999
3.700000000000002
35.500000000000256
7.49999999999999
1.9000000000000006
4.5
10.299999999999981
4.899999999999995
25.100000000000097
15.199999999999958
14.99999999999996
34.600000000000236
4.699999999999999
2.0000000000000004
2.2000000000000006
2.1000000000000005
1.3
2.700000000000001
3.1000000000000014
0.5
12.899999999999967
4.899999999999999
5.699999999999997
14.89999999999996
18.999999999999996
13.999999999999964
6.099999999999994
3.800000000000001
0.9999999999999999
3.2000000000000015
26.900000000000123
15.699999999999957
5.299999999999997
9.099999999999984
11.899999999999967
4.200000000000001
3.5000000000000018
0.7999999999999999
45.00000000000039
4.100000000000001
10.499999999999975
6.699999999999993
39.8000000000003
34.20000000000023
12.499999999999972
11.699999999999969
0.7
43.30000000000037
24.200000000000085
0.2
2.800000000000001
6.699999999999992
0
24.200000000000085
5.1999999999999975
12.09999999999997
1.4000000000000001
3.4000000000000017
24.000000000000085
13.299999999999965
9.899999999999977
9.499999999999982
9.499999999999984
2.700000000000001
15.69999999999996
31.500000000000203
21.40000000000003
5.699999999999996
5.299999999999998
13.399999999999968
9.499999999999982
28.10000000000014
29.20000000000014
6.8999999999999915
19.600000000000023
0.7
9.399999999999983
16.099999999999962
1.8000000000000005
4.799999999999997
9.599999999999982
21.800000000000054
2.1000000000000005
24.80000000000011
8.999999999999984
2.3000000000000007
14.99999999999996
2.1000000000000005
11.799999999999976
35.90000000000025
17.999999999999982
0.5
19.700000000000006
14.899999999999965
18.19999999999999
0.7
18.399999999999988
6.199999999999994
5.599999999999997
12.299999999999969
36.900000000000276
8.799999999999985
21.600000000000055
0.7999999999999999
6.499999999999993
17.999999999999982
11.199999999999973
21.600000000000055
25.70000000000011
18.999999999999996
5.399999999999998
0.7
17.099999999999966
8.399999999999983
10.899999999999979
4.999999999999998
0.8000000000000003
11.799999999999974
14.69999999999996
5.099999999999998
1.7000000000000004
5.399999999999997
31.100000000000183
14.199999999999966
12.399999999999972
8.99999999999998
4.100000000000001
1.0999999999999999
3.600000000000002
11.399999999999974
29.900000000000166
3.2000000000000015
5.799999999999995
12.699999999999969
19.000000000000014
52.600000000000506
17.299999999999972
3.300000000000002
6.5999999999999925
4.4999999999999964
8.399999999999986
1.2
2.0000000000000004
6.199999999999994
6.599999999999993
9.19999999999998
21.800000000000036
8.299999999999988
95.79999999999876
9.099999999999984
6.699999999999992
10.39999999999998
8.099999999999984
14.89999999999996
14.99999999999996
11.299999999999976
7.199999999999987
40.10000000000033
1.5000000000000002
0.8999999999999999
1.9000000000000006
33.30000000000022
2.4000000000000012
9.99999999999998
10.999999999999979
0.8999999999999999
41.20000000000032
7.699999999999989
4.299999999999998
15.599999999999957
2.800000000000001
37.40000000000029
10.09999999999998
40.600000000000335
0.9999999999999999
1.8000000000000005
16.599999999999962
39.4000000000003
8.699999999999982
0.9999999999999999
9.299999999999983
9.299999999999985
39.00000000000032
23.00000000000007
7.499999999999989
47.30000000000042
2.1000000000000005
0.4
2.2000000000000006
9.199999999999985
14.399999999999961
24.20000000000007
4.999999999999999
22.500000000000043
3.0000000000000013
24.300000000000086
11.199999999999973
12.999999999999972
3.5000000000000018
11.599999999999975
27.10000000000014
12.799999999999972
0.2
4.000000000000002
19.10000000000002
38.500000000000284
18.099999999999987
7.6999999999999895
5.399999999999997
12.799999999999967
15.999999999999956
13.299999999999965
9.299999999999983
10.699999999999978
2.500000000000001
8.699999999999982
1.0999999999999999
15.199999999999962
20.200000000000014
6.999999999999991
2.5000000000000018
6.199999999999995
9.799999999999981
7.199999999999991
5.4999999999999964
67.3000000000005
5.999999999999995
5.999999999999996
23.100000000000055
11.399999999999974
7.39999999999999
13.099999999999971
6.599999999999991
1.0999999999999999
14.099999999999964
18.60000000000001
9.89999999999998
22.500000000000046
0.4
6.999999999999992
22.500000000000046
3.000000000000002
9.099999999999984
4.5
6.8999999999999915
59.50000000000061
16.999999999999968
-0.4
20.800000000000036
0.7999999999999998
3.900000000000002
0.1
20.100000000000016
2.700000000000001
7.29999999999999
7.499999999999989
4.799999999999999
18.199999999999985
34.100000000000236
23.00000000000007
14.99999999999996
0.6999999999999998
1.0999999999999999
20.30000000000001
10.299999999999976
15.79999999999996
3.000000000000002
0.7999999999999999
49.500000000000455
6.699999999999992
1.6000000000000003
10.09999999999998
13.099999999999966
11.299999999999972
11.499999999999975
16.999999999999968
2.400000000000001
16.29999999999996
12.999999999999966
3.0000000000000013
1.4000000000000001
1.8000000000000005
7.199999999999989
26.1000000000001
4.999999999999998
6.59999999999999
3.800000000000002
30.80000000000018
1.0999999999999999
1.5000000000000002
15.999999999999956
4.100000000000001
22.40000000000006
11.199999999999973
26.800000000000136
24.400000000000073
8.999999999999986
0.4
4.899999999999997
8.699999999999985
10.899999999999974
2.3000000000000007
11.199999999999973
5.199999999999998
31.200000000000184
15.799999999999956
10.29999999999998
32.500000000000206
13.899999999999963
20.90000000000002
7.799999999999985
12.299999999999972
9.299999999999985
7.199999999999987
1.5000000000000002
3.800000000000002
54.70000000000054
41.10000000000035
6.099999999999994
22.400000000000066
20.900000000000023
33.200000000000216
4.799999999999999
9.499999999999979
2.600000000000001
3.600000000000002
12.99999999999997
41.800000000000345
7.399999999999986
3.4000000000000012
24.600000000000076
58.200000000000614
4.799999999999999
16.299999999999958
7.59999999999999
2.1000000000000005
23.700000000000077
5.399999999999997
19.600000000000005
28.300000000000143
10.799999999999978
3.1000000000000014
-0.4
1.7000000000000004
17.79999999999998
5.799999999999995
0.30000000000000004
3.4000000000000012
3.4000000000000017
2.1000000000000005
9.799999999999981
7.899999999999989
2.0000000000000004
60.30000000000061
-5.551115123125783e-17
11.499999999999975
1.4000000000000001
1.0999999999999999
5.899999999999995
0
5.799999999999996
63.50000000000069
9.599999999999982
1.6000000000000003
2.400000000000001
0.5
46.000000000000405
4.000000000000003
23.700000000000063
6.099999999999991
24.400000000000073
23.80000000000008
7.29999999999999
4.300000000000001
0.1
3.3000000000000016
0.4
3.900000000000002
9.499999999999982
6.499999999999989
15.299999999999962
7.099999999999991
13.099999999999966
3.700000000000002
19.600000000000026
0.2
20.60000000000002
38.900000000000304
2.0000000000000013
22.700000000000067
16.49999999999996
53.100000000000534
25.100000000000083
24.900000000000098
5.5999999999999925
41.700000000000344
9.599999999999978
25.800000000000107
7.899999999999988
15.69999999999996
0.4
5.4999999999999964
14.899999999999961
13.199999999999966
16.799999999999965
56.50000000000058
1.2
3.400000000000001
12.199999999999973
25.600000000000104
4.899999999999999
19.600000000000023
8.599999999999985
15.499999999999957
4.5
0.9999999999999999
2.1000000000000005
8.999999999999984
3.900000000000002
21.70000000000005
12.09999999999997
3.700000000000002
6.399999999999991
4.000000000000002
10.899999999999974
2.600000000000001
0.5
2.400000000000001
37.400000000000276
3.1000000000000014
16.49999999999996
14.199999999999966
17.09999999999997
0.7
0
4.4
38.10000000000029
0.5
6.199999999999994
8.599999999999982
10.999999999999973
33.30000000000021
0.6
9.699999999999978
22.300000000000043
0.6
54.60000000000055
3.1000000000000014
7.699999999999985
13.399999999999968
1.0999999999999999
72.90000000000015
4.100000000000001
29.700000000000177
14.399999999999961
21.500000000000046
1.7000000000000004
6.3999999999999915
8.499999999999986
43.70000000000038
28.60000000000015
0.2
25.600000000000094
2.3000000000000007
1.2
8.199999999999983
9.399999999999984
24.20000000000007
0.6
9.29999999999998
2.500000000000001
23.700000000000077
10.799999999999974
61.60000000000064
1.5000000000000002
14.69999999999996
1.8000000000000005
44.600000000000385
0.30000000000000004
10.89999999999997
12.899999999999967
1.4000000000000001
4.999999999999999
16.599999999999966
9.399999999999983
4.100000000000002
67.3000000000005
46.10000000000042
4.7
9.499999999999982
0.9999999999999998
5.299999999999997
12.199999999999969
15.799999999999956
49.80000000000048
8.699999999999985
18.799999999999994
0.1
14.69999999999996
10.799999999999974
4.300000000000001
5.399999999999994
6.499999999999993
10.699999999999978
23.20000000000007
8.499999999999986
1.6000000000000003
10.39999999999998
19.900000000000013
4.000000000000003
1.8000000000000005
8.499999999999986
2.800000000000001
16.899999999999967
34.50000000000024
55.80000000000056
10.999999999999973
9.999999999999977
10.299999999999976
7.39999999999999
18.89999999999999
24.100000000000083
16.899999999999967
28.50000000000015
2.600000000000001
4.599999999999996
23.100000000000055
5.599999999999996
10.499999999999975
24.500000000000075
20.60000000000002
22.700000000000063
1.5000000000000002
4.400000000000001
38.00000000000029
1.0999999999999999
0.6
7.9999999999999885
5.1999999999999975
8.699999999999985
3.700000000000003
0.2
0.7
5.299999999999997
0.7
1.2000000000000006
15.299999999999958
0
4.000000000000002
3.5000000000000018
0.19999999999999998
0.9999999999999999
10.09999999999998
44.600000000000385
24.800000000000093
21.80000000000005
2.3000000000000007
7.299999999999987
15.699999999999962
10.499999999999979
15.39999999999996
0.7
1.0999999999999999
16.599999999999962
31.800000000000207
29.40000000000016
16.999999999999968
23.20000000000007
5.1999999999999975
7.499999999999989
0.4
4.400000000000001
8.499999999999982
0.30000000000000004
7.499999999999989
3.700000000000002
4.500000000000001
4.999999999999998
5.899999999999993
2.1000000000000005
0.8999999999999999
11.599999999999971
14.499999999999961
25.70000000000011
0.5
3.2000000000000024
2.1000000000000005
4.999999999999998
5.099999999999999
27.40000000000013
3.1000000000000014
0.2
0.5
8.399999999999988
5.399999999999997
1.9000000000000006
0.6999999999999998
9.499999999999982
0.5
12.699999999999967
36.40000000000027
15.099999999999955
12.799999999999969
18.099999999999987
42.40000000000037
10.899999999999974
10.299999999999976
3.3000000000000016
7.999999999999988
20.80000000000002
0.1
9.599999999999984
27.80000000000014
6.899999999999988
23.20000000000007
2.3000000000000007
3.500000000000002
24.700000000000088
8.099999999999987
13.59999999999996
24.90000000000011
1.6000000000000003
0.4
13.199999999999964
15.299999999999958
4.6
7.099999999999987
5.799999999999995
8.599999999999985
15.799999999999955
67.00000000000053
2.0000000000000004
0.9999999999999999
40.20000000000034
0
0.30000000000000004
2.600000000000001
14.299999999999962
12.799999999999967
3.5000000000000018
0.7999999999999999
26.700000000000117
7.2999999999999865
13.299999999999965
3.200000000000002
14.199999999999962
1.9000000000000006
18.599999999999994
17.399999999999977
4.100000000000001
17.699999999999978
5.599999999999996
3.700000000000003
3.0000000000000013
0.9999999999999999
9.699999999999978
11.999999999999975
3.9000000000000026
0.5
5.399999999999993
8.99999999999998
5.599999999999996
2.1000000000000005
7.599999999999989
10.39999999999998
0.7999999999999999
12.399999999999974
0.2999999999999999
4.100000000000001
18.90000000000001
4.100000000000001
14.19999999999996
14.099999999999959
1.3
13.799999999999965
8.599999999999982
12.499999999999964
3.3000000000000016
7.099999999999987
0.8999999999999999
26.900000000000123
11.799999999999976
0.4
9.799999999999976
3.3000000000000025
19.200000000000014
1.4000000000000001
2.400000000000001
16.699999999999964
16.79999999999998
21.900000000000052
2.700000000000001
10.199999999999976
2.1000000000000005
8.399999999999983
18.29999999999999
16.59999999999998
0.7
2.800000000000001
3.0000000000000013
0.30000000000000004
3.900000000000002
12.29999999999997
3.9000000000000017
3.2000000000000015
6.699999999999992
22.400000000000063
5.699999999999996
0.7999999999999999
34.700000000000244
3.800000000000003
12.799999999999967
2.700000000000002
8.799999999999985
4.7
21.100000000000044
2.800000000000001
38.800000000000324
8.399999999999983
0
34.10000000000022
0.5999999999999999
0.7999999999999999
2.9000000000000012
7.099999999999992
1.2
3.700000000000002
0.5
17.19999999999997
8.299999999999986
9.999999999999982
3.100000000000002
7.899999999999984
15.499999999999954
0.30000000000000004
7.199999999999987
8.399999999999983
7.39999999999999
26.600000000000126
26.100000000000108
8.499999999999988
5.399999999999998
8.499999999999982
1.7000000000000004
5.399999999999998
6.799999999999988
14.79999999999996
3.600000000000002
8.099999999999987
0.7999999999999998
8.399999999999983
3.3000000000000016
14.399999999999961
2.100000000000001
5.199999999999994
4.4
17.39999999999997
6.39999999999999
5.4999999999999964
0.2
17.799999999999976
16.299999999999955
12.999999999999966
1.600000000000001
2.1000000000000005
25.600000000000104
6.999999999999991
2.0000000000000004
0.8999999999999999
6.39999999999999
14.099999999999962
8.299999999999983
14.299999999999962
3.4000000000000017
11.199999999999973
3.700000000000002
9.09999999999998
4.6
4.300000000000001
3.2000000000000015
3.5000000000000018
0.5999999999999999
24.200000000000085
3.3000000000000016
1.2
0.1
2.1000000000000005
11.199999999999978
10.19999999999998
13.199999999999962
0.4
15.999999999999956
0.8999999999999999
4.5
2.3000000000000007
1.8000000000000005
9.999999999999979
3.0000000000000013
1.0999999999999999
5.499999999999993
24.200000000000088
22.20000000000004
1.5000000000000002
0.7
9.799999999999978
7.999999999999988
0
20.300000000000033
0.4
1.6000000000000003
4.5
5.699999999999996
3.0000000000000013
16.499999999999964
10.799999999999974
0.8999999999999999
5.799999999999993
27.500000000000146
5.399999999999997
3.000000000000002
25.000000000000096
32.30000000000021
3.5000000000000018
0.30000000000000004
10.79999999999998
32.50000000000021
6.699999999999992
-0.5
7.899999999999984
15.899999999999956
0.2
8.499999999999988
9.399999999999979
4.5
5.699999999999996
16.79999999999997
14.299999999999958
4.000000000000002
12.899999999999968
22.200000000000042
0.2
5.799999999999995
1.0999999999999999
27.20000000000013
5.499999999999997
5.699999999999996
4.200000000000001
7.899999999999988
14.499999999999961
11.999999999999973
16.699999999999964
6.899999999999992
3.5000000000000018
14.89999999999996
2.500000000000001
2.600000000000002
0.4
9.799999999999978
23.500000000000075
35.60000000000026
9.199999999999983
19.70000000000001
6.399999999999994
2.700000000000001
9.599999999999984
8.799999999999985
0.5
6.499999999999993
22.00000000000004
26.300000000000118
4.100000000000002
15.899999999999956
21.70000000000004
14.399999999999961
0.4999999999999999
2.700000000000001
16.69999999999996
3.4000000000000017
21.800000000000036
11.099999999999973
1.6000000000000003
31.3000000000002
13.39999999999997
14.299999999999962
9.09999999999998
5.399999999999998
7.499999999999986
10.799999999999974
1.2
1.3
3.1000000000000014
10.299999999999976
3.2000000000000015
0.30000000000000004
17.89999999999998
5.599999999999997
13.299999999999965
10.899999999999979
9.999999999999982
30.60000000000018
2.500000000000001
7.099999999999991
3.700000000000003
0.5
44.200000000000394
11.299999999999972
7.2999999999999865
1.8000000000000005
12.899999999999967
26.500000000000117
12.699999999999966
10.499999999999975
5.1999999999999975
9.199999999999985
2.4000000000000012
3.600000000000002
4.300000000000001
42.200000000000365
3.700000000000002
9.999999999999982
9.299999999999985
16.69999999999996
7.299999999999988
2.800000000000001
3.3000000000000016
0.6000000000000003
15.199999999999958
1.2000000000000002
20.900000000000027
3.2000000000000015
0.30000000000000004
21.500000000000046
33.00000000000022
5.499999999999996
2.1000000000000005
14.99999999999996
2.300000000000001
7.799999999999988
16.699999999999964
3.3000000000000016
25.600000000000104
2.3000000000000007
31.80000000000021
2.2000000000000006
15.099999999999959
3.5000000000000018
17.39999999999997
8.499999999999982
1.3
1.9000000000000006
9.19999999999998
0.7
0.5
14.299999999999962
-0.4
1.4000000000000001
12.399999999999968
12.399999999999968
20.50000000000002
3.700000000000002
4.100000000000002
6.5999999999999925
10.499999999999979
11.999999999999972
11.499999999999973
1.9000000000000012
3.3000000000000016
7.799999999999985
0.2
11.69999999999997
22.300000000000054
1.0999999999999999
4.4
3.3000000000000025
5.599999999999996
11.199999999999973
9.099999999999982
9.199999999999983
4.300000000000001
3.3000000000000016
30.900000000000198
1.4000000000000001
6.999999999999988
23.30000000000007
-0.7000000000000001
49.90000000000049
4.999999999999998
7.49999999999999
4.299999999999997
5.999999999999995
4.300000000000001
1.8000000000000005
23.900000000000077
1.8000000000000005
-0.20000000000000004
1.2
1.0999999999999999
1.8000000000000005
6.999999999999988
1.5000000000000002
0.30000000000000004
20.300000000000015
13.699999999999964
15.09999999999996
12.299999999999969
5.599999999999994
12.09999999999997
3.4000000000000017
2.500000000000001
0.8999999999999999
9.299999999999983
3.800000000000003
14.99999999999996
12.299999999999972
3.700000000000003
2.600000000000001
19.90000000000001
2.600000000000001
3.700000000000002
4.200000000000001
17.999999999999986
14.299999999999963
25.000000000000096
22.00000000000005
24.200000000000067
10.59999999999998
12.999999999999968
2.700000000000001
2.800000000000001
5.299999999999994
5.899999999999995
3.6000000000000014
19.90000000000001
3.700000000000002
10.699999999999974
25.100000000000097
6.699999999999991
5.099999999999998
6.799999999999993
2.500000000000001
2.0000000000000013
0.6
11.099999999999973
3.900000000000002
-0.9
2.700000000000001
12.699999999999967
-1.3877787807814457e-16
20.900000000000038
2.500000000000001
2.3000000000000007
17.599999999999977
10.39999999999998
3.3000000000000025
11.599999999999971
0.7
0.30000000000000004
2.800000000000001
3.1000000000000023
3.800000000000002
10.699999999999974
11.999999999999966
9.89999999999998
3.2000000000000015
10.299999999999976
12.09999999999997
3.600000000000002
0.3
3.600000000000002
0.30000000000000004
31.700000000000205
2.1000000000000005
12.899999999999968
0.30000000000000004
3.900000000000002
6.599999999999989
5.599999999999996
4.799999999999995
0.9999999999999999
0.9999999999999999
5.699999999999996
6.599999999999993
5.099999999999998
13.299999999999965
7.399999999999986
8.799999999999983
6.499999999999989
8.799999999999981
0
12.399999999999968
15.099999999999959
0.9000000000000005
0.7999999999999999
4.5
2.800000000000001
1.9000000000000006
0
5.299999999999997
5.4999999999999964
2.700000000000001
3.700000000000002
10.499999999999975
21.500000000000036
11.299999999999974
10.299999999999976
1.5000000000000002
11.499999999999973
29.40000000000016
4.899999999999999
24.700000000000106
2.400000000000001
2.0000000000000004
3.2000000000000015
25.200000000000102
15.899999999999958
23.800000000000068
2.3000000000000007
8.699999999999982
10.19999999999998
11.79999999999997
5.699999999999996
3.200000000000001
10.399999999999979
6.199999999999994
14.59999999999996
19.600000000000005
6.19999999999999
7.899999999999984
45.00000000000039
23.700000000000077
13.099999999999966
18.499999999999993
11.89999999999997
17.099999999999973
6.999999999999992
24.200000000000085
11.199999999999973
29.30000000000016
10.299999999999978
4.799999999999995
22.100000000000055
9.899999999999979
19.200000000000014
11.099999999999977
4.5
1.9000000000000006
2.500000000000001
1.7000000000000004
0.2
1.4000000000000001
6.099999999999994
5.399999999999997
4.899999999999999
3.3000000000000016
4.100000000000001
0.30000000000000004
0.30000000000000004
11.099999999999973
23.00000000000007
7.699999999999985
3.5000000000000018
6.899999999999988
8.599999999999982
6.2999999999999945
27.70000000000013
17.09999999999997
3.900000000000003
2.400000000000001
1.6000000000000003
4.100000000000001
2.2000000000000006
19.900000000000013
2.700000000000001
0.6
13.799999999999962
8.599999999999985
27.500000000000135
19.10000000000002
15.799999999999956
1.7000000000000004
1.2
28.800000000000153
28.300000000000146
18.599999999999987
7.899999999999988
-0.10000000000000003
8.899999999999984
0.4
1.8000000000000005
21.000000000000025
9.499999999999982
2.800000000000001
14.099999999999962
13.299999999999967
1.5000000000000002
8.099999999999984
15.799999999999956
0.1
1.2
8.599999999999987
15.999999999999956
23.600000000000065
27.60000000000014
6.199999999999992
14.099999999999962
2.0000000000000004
46.900000000000446
1.6000000000000003
5.1999999999999975
7.999999999999988
15.799999999999956
5.4999999999999964
4.000000000000002
11.499999999999972
9.799999999999981
12.599999999999973
0.7999999999999999
1.7000000000000004
11.89999999999997
2.700000000000001
30.700000000000177
5.299999999999997
4.599999999999996
4.799999999999999
4.100000000000001
19.500000000000004
7.099999999999992
11.599999999999973
9.099999999999984
0
1.700000000000001
26.300000000000114
11.699999999999974
0.2
5.899999999999996
3.1000000000000014
12.999999999999968
4.000000000000003
8.399999999999983
25.500000000000103
7.099999999999992
4.000000000000003
7.29999999999999
0.7
11.399999999999975
3.4000000000000017
3.1000000000000014
5.499999999999994
27.100000000000126
15.89999999999997
19.300000000000015
11.89999999999997
3.600000000000002
10.699999999999974
39.90000000000032
19.200000000000014
6.199999999999994
5.899999999999996
34.700000000000244
4.200000000000002
4.5
4.5
1.2
2.1000000000000005
3.800000000000003
13.799999999999963
24.400000000000087
9.299999999999983
26.50000000000012
1.0999999999999999
4.100000000000002
0.2
0
2.2000000000000006
2.700000000000001
4.100000000000002
4.699999999999999
23.700000000000067
14.499999999999961
15.999999999999952
3.3000000000000016
16.999999999999964
11.899999999999975
1.0999999999999999
0.4
9.699999999999982
12.899999999999968
0.6
1.8000000000000005
1.8000000000000005
24.700000000000088
2.600000000000001
17.9
1.5000000000000002
1.8000000000000005
5.699999999999996
12.599999999999968
16.199999999999957
0
2.400000000000001
1.3
0.7999999999999999
4.000000000000002
5.999999999999996
26.900000000000123
28.300000000000146
2.3000000000000016
4.5
0.2
14.59999999999996
3.2000000000000015
2.3000000000000016
7.899999999999988
4.999999999999998
25.700000000000106
5.899999999999995
7.9999999999999885
10.199999999999976
9.899999999999977
20.10000000000001
6.699999999999993
10.599999999999975
9.899999999999977
6.099999999999995
1.7000000000000004
4.8
13.69999999999996
2.2000000000000006
0.2
0.5
12.699999999999967
10.79999999999998
8.599999999999987
3.700000000000002
18.59999999999999
39.50000000000032
1.6000000000000003
8.199999999999989
2.400000000000001
3.4000000000000017
12.399999999999965
7.599999999999989
9.99999999999998
8.99999999999998
5.099999999999998
28.700000000000163
7.39999999999999
0.5
23.10000000000007
8.699999999999982
3.2000000000000015
3.800000000000002
7.899999999999989
22.000000000000053
12.39999999999997
5.399999999999998
0.9999999999999999
2.3000000000000007
3.6000000000000028
20.100000000000023
1.6000000000000003
12.39999999999997
12.19999999999997
17.299999999999976
1.7000000000000004
6.499999999999993
16.79999999999997
13.099999999999964
20.70000000000002
14.499999999999961
14.299999999999962
6.2999999999999945
9.599999999999982
2.0000000000000004
20.30000000000003
2.0000000000000004
12.499999999999972
23.10000000000005
3.700000000000003
3.2000000000000015
11.399999999999972
12.09999999999997
0
4.899999999999999
14.099999999999962
30.100000000000183
0.5
5.699999999999992
49.40000000000048
4.999999999999998
0.8999999999999999
5.4999999999999964
11.799999999999972
5.399999999999997
4.300000000000002
7.29999999999999
0.7
3.5000000000000018
0.1
13.099999999999966
4.400000000000001
0.7
2.700000000000001
17.19999999999998
2.2000000000000006
12.799999999999967
10.599999999999975
5.699999999999996
1.2
0.1
13.799999999999965
1.3
24.00000000000008
16.299999999999958
18.799999999999997
9.799999999999978
17.699999999999978
4.6
18.399999999999988
2.700000000000001
10.499999999999975
12.899999999999963
10.499999999999975
6.999999999999991
7.099999999999991
12.999999999999968
2.200000000000001
19.099999999999994
0
1.7000000000000004
1.3
2.2000000000000015
15.899999999999952
3.1000000000000014
9.29999999999998
4.399999999999997
1.5000000000000002
4.100000000000001
6.8999999999999915
22.000000000000057
2.2000000000000006
5.599999999999996
0.7999999999999999
7.299999999999991
0.30000000000000004
2.0000000000000004
1.8000000000000005
1.2000000000000008
5.4999999999999964
0.8999999999999999
3.3000000000000025
0.7999999999999999
0
5.799999999999995
15.19999999999996
22.300000000000047
3.3000000000000016
22.300000000000054
12.199999999999974
7.599999999999989
3.0000000000000013
6.5999999999999925
6.499999999999993
8.099999999999984
23.800000000000075
4.200000000000002
4.300000000000001
5.299999999999998
6.799999999999992
5.399999999999998
24.600000000000087
29.500000000000156
13.599999999999964
15.599999999999957
3.700000000000002
0.7
5.399999999999997
5.099999999999996
13.999999999999963
22.200000000000056
2.9000000000000012
8.499999999999988
16.599999999999962
5.899999999999995
2.500000000000001
4.999999999999998
18.399999999999984
3.1000000000000014
5.099999999999998
14.599999999999957
21.900000000000052
5.4999999999999964
3.600000000000002
21.20000000000003
8.399999999999983
0.5
6.299999999999994
3.6000000000000023
0
5.1999999999999975
20.50000000000002
9.299999999999983
3.5000000000000027
4.100000000000001
2.8000000000000016
1.3
13.099999999999968
16.299999999999965
1.0999999999999999
9.799999999999981
0.6
5.799999999999995
4.799999999999996
7.699999999999989
3.4000000000000026
3.900000000000002
18.09999999999999
1.3
4.100000000000001
5.699999999999997
1.9000000000000006
2.700000000000001
4.6
5.399999999999993
3.800000000000002
13.399999999999965
20.100000000000016
1.6000000000000003
2.9000000000000012
15.399999999999958
0.6
4.5
2.1000000000000005
19.500000000000004
4.699999999999999
1.9000000000000012
27.100000000000126
9.099999999999984
15.399999999999958
0.9999999999999999
21.10000000000003
15.999999999999957
18.89999999999999
5.4999999999999964
0.30000000000000004
16.299999999999958
4.5
2.500000000000001
1.8000000000000005
0.4
17.99999999999998
6.599999999999989
14.89999999999996
0.7
5.1999999999999975
7.999999999999984
0.7999999999999999
0.7
10.899999999999974
4.899999999999999
14.999999999999961
6.299999999999994
14.199999999999966
2.0000000000000004
13.299999999999965
13.399999999999967
1.6000000000000003
9.299999999999983
1.7000000000000013
16.999999999999968
11.99999999999997
3.700000000000002
0.7
10.399999999999979
-2.7755575615628914e-17
8.199999999999987
6.6999999999999895
2.1000000000000005
0.4
4.999999999999998
7.59999999999999
14.499999999999961
2.700000000000002
22.200000000000056
9.599999999999978
16.49999999999996
5.299999999999997
9.09999999999998
12.399999999999972
1.0999999999999999
4.699999999999999
28.60000000000015
10.699999999999978
0.30000000000000004
17.89999999999998
56.7000000000006
11.299999999999972
5.4999999999999964
26.200000000000117
4.999999999999998
12.299999999999974
22.200000000000045
6.5999999999999925
0.6
44.80000000000041
10.699999999999974
7.599999999999985
18.199999999999985
21.10000000000003
2.2000000000000006
4.200000000000001
0.5
23.500000000000075
9.29999999999998
5.499999999999993
10.69999999999998
5.099999999999999
3.9
3.700000000000002
1.2
1.8000000000000005
3.0000000000000013
0.8999999999999999
1.4000000000000001
17.79999999999998
2.500000000000001
12.499999999999964
5.899999999999995
2.9000000000000012
0.9999999999999999
0.7000000000000004
6.8999999999999915
5.199999999999996
11.69999999999997
6.999999999999991
2.3000000000000007
21.80000000000005
7.699999999999985
14.099999999999962
17.599999999999977
5.899999999999995
17.699999999999974
10.599999999999975
16.49999999999996
4.300000000000001
6.799999999999992
3.4000000000000017
2.700000000000001
1.5000000000000002
37.800000000000296
11.799999999999976
12.699999999999973
26.700000000000134
0.2
13.999999999999963
0.7999999999999999
1.0999999999999999
21.600000000000033
7.099999999999991
17.89999999999998
14.799999999999962
5.399999999999993
10.799999999999974
5.399999999999994
1.4000000000000001
5.399999999999997
2.600000000000001
11.299999999999974
0.9999999999999999
3.3000000000000016
19.80000000000001
6.999999999999989
2.0000000000000004
23.80000000000008
34.40000000000024
2.500000000000001
5.699999999999996
7.699999999999989
13.099999999999968
5.699999999999996
15.099999999999957
4.100000000000001
7.199999999999987
0.7
15.199999999999955
17.599999999999973
12.799999999999967
4.6000000000000005
6.499999999999993
32.900000000000205
8.799999999999985
7.499999999999989
13.799999999999965
7.899999999999988
18.39999999999999
0.7999999999999999
15.19999999999996
16.699999999999967
1.2
1.3
9.699999999999978
0
16.39999999999996
8.399999999999986
10.69999999999998
3.4000000000000026
9.199999999999983
6.2999999999999945
2.600000000000001
7.699999999999985
4.5
6.999999999999992
22.300000000000043
0
0.9999999999999998
23.90000000000008
12.199999999999969
4.3
1.3
5.099999999999998
8.199999999999989
4.599999999999998
4.799999999999999
3.800000000000002
0.4
0.30000000000000004
22.10000000000004
1.3
20.60000000000002
0.9999999999999998
3.700000000000002
27.700000000000134
4.000000000000002
0.9999999999999999
10.699999999999974
7.2999999999999865
0.6
7.999999999999988
3.1000000000000014
24.100000000000083
6.399999999999993
9.299999999999981
8.499999999999986
10.499999999999975
15.299999999999958
11.099999999999973
3.3000000000000016
7.699999999999985
7.499999999999986
0.8999999999999999
1.0999999999999999
4.200000000000001
7.699999999999985
5.999999999999991
0.7999999999999999
6.799999999999991
12.499999999999968
2.300000000000001
2.800000000000001
27.90000000000014
15.299999999999958
0
8.299999999999988
28.90000000000015
8.999999999999984
39.40000000000031
5.899999999999995
1.6000000000000003
32.700000000000216
0.6
25.0000000000001
17.399999999999974
3.1000000000000014
13.799999999999963
1.0999999999999999
6.299999999999994
6.399999999999994
2.500000000000001
0.30000000000000004
24.500000000000078
0.30000000000000004
2.4000000000000017
2.0000000000000004
24.60000000000009
13.39999999999997
32.300000000000196
25.800000000000107
17.59999999999999
7.39999999999999
41.40000000000036
17.399999999999974
5.799999999999996
19.5
2.0000000000000004
8.89999999999998
2.400000000000001
6.999999999999988
28.600000000000144
14.999999999999961
6.699999999999992
0.5
10.39999999999998
43.30000000000038
18.19999999999999
7.399999999999983
17.79999999999999
7.099999999999991
1.6000000000000003
11.699999999999976
3.900000000000002
1.2
1.0999999999999999
3.1000000000000014
6.799999999999988
1.5000000000000002
2.1000000000000005
3.4000000000000017
6.29999999999999
8.399999999999983
1.7000000000000004
6.499999999999993
1.2
4.000000000000002
2.3000000000000007
35.50000000000027
3.4000000000000026
13.499999999999964
9.499999999999984
4.400000000000001
8.499999999999986
1.5000000000000002
0.2
10.499999999999975
0
0.6
3.700000000000002
13.399999999999967
6.999999999999991
1.0999999999999999
14.99999999999996
8.199999999999983
19.600000000000005
14.79999999999996
9.89999999999998
7.099999999999991
5.099999999999999
18.999999999999996
3.0000000000000013
4.6
0.30000000000000004
1.0999999999999999
7.599999999999985
11.099999999999973
8.699999999999982
9.199999999999985
0
9.499999999999982
0.7
20.400000000000027
0.1
1.9000000000000006
4.1
4.300000000000001
2.2000000000000006
8.999999999999984
9.799999999999978
5.399999999999997
1.0000000000000004
13.199999999999966
7.599999999999989
1.7000000000000004
4.400000000000001
11.299999999999972
14.399999999999961
0.8999999999999999
9.899999999999977
23.500000000000078
8.599999999999982
4.4
3.600000000000002
1.4000000000000008
3.700000000000002
3.1000000000000014
2.3000000000000007
2.9000000000000017
11.899999999999974
3.3000000000000016
2.9000000000000012
24.60000000000009
4.799999999999999
9.499999999999984
37.90000000000029
2.500000000000001
6.8999999999999915
6.5999999999999925
42.900000000000375
6.999999999999988
26.10000000000011
0.5
0.30000000000000004
4.5
10.199999999999982
1.0999999999999999
28.20000000000016
1.7000000000000004
5.899999999999995
2.3000000000000016
2.2000000000000006
0.6
0.7999999999999999
17.199999999999985
2.9000000000000012
5.999999999999995
0.1
14.99999999999996
6.099999999999995
6.199999999999994
2.600000000000002
0.7
79.89999999999971
5.099999999999998
4.799999999999999
4.999999999999998
7.9999999999999885
24.10000000000008
2.9000000000000012
1.0999999999999999
26.000000000000096
9.99999999999998
1.8000000000000005
0.2
5.699999999999996
6.099999999999995
16.799999999999965
32.00000000000019
0.1
1.7000000000000004
5.399999999999993
15.799999999999956
5.5999999999999925
5.4999999999999964
14.499999999999961
0
2.800000000000002
4.5
1.2
2.400000000000001
16.39999999999996
41.30000000000034
4.100000000000002
30.600000000000176
8.599999999999985
6.2999999999999945
10.099999999999977
31.000000000000195
18.29999999999999
14.499999999999961
2.400000000000001
38.000000000000306
21.600000000000048
10.09999999999998
0.7999999999999999
7.499999999999989
0.9999999999999999
19.60000000000001
28.400000000000144
23.000000000000064
10.399999999999979
-2.7755575615628914e-17
30.200000000000184
18.799999999999994
8.599999999999987
24.30000000000007
20.100000000000012
3.5000000000000018
32.60000000000022
1.7000000000000004
0.7
6.399999999999993
3.800000000000002
11.99999999999997
2.400000000000001
0.6
13.29999999999997
9.999999999999977
2.600000000000001
3.4000000000000017
7.699999999999988
17.999999999999982
18.099999999999987
18.09999999999998
6.899999999999988
3.1000000000000014
6.499999999999993
11.599999999999975
23.30000000000007
16.299999999999958
8.499999999999982
17.999999999999982
2.3000000000000016
5.099999999999998
6.299999999999994
50.800000000000495
3.1000000000000014
9.29999999999998
21.200000000000042
0
24.800000000000093
34.70000000000023
4.500000000000001
50.80000000000049
9.399999999999979
19.500000000000018
4.100000000000001
4.400000000000001
11.599999999999971
32.000000000000206
15.499999999999957
3.4000000000000004
9.699999999999982
5.899999999999996
6.499999999999989
12.499999999999968
9.19999999999998
7.099999999999991
45.700000000000415
0.9999999999999999
3.4000000000000017
14.299999999999962
3.800000000000003
16.299999999999958
17.999999999999982
10.49999999999998
34.900000000000254
2.800000000000001
10.299999999999976
0.4
12.699999999999967
4.999999999999998
9.79999999999998
28.500000000000146
20.400000000000034
10.999999999999973
22.200000000000056
0.2
3.4000000000000017
9.899999999999977
7.699999999999985
2.700000000000001
3.5000000000000018
0
45.10000000000041
20.500000000000032
1.0999999999999999
16.299999999999958
1.0999999999999999
5.4999999999999964
25.800000000000107
16.499999999999975
4.200000000000001
23.30000000000007
6.39999999999999
26.60000000000012
1.8000000000000005
6.399999999999993
2.2000000000000006
0
1.3
7.29999999999999
0.6
3.600000000000002
4.699999999999999
12.099999999999975
6.399999999999994
6.099999999999994
4.100000000000001
6.799999999999992
2.4000000000000017
16.199999999999957
18.400000000000002
0.2
5.899999999999995
5.999999999999995
6.999999999999991
10.999999999999973
35.10000000000025
12.09999999999997
3.700000000000002
8.299999999999983
4.699999999999999
8.199999999999989
19.700000000000003
3.0000000000000013
4.300000000000002
8.499999999999986
11.99999999999997
13.099999999999966
2.200000000000001
4.300000000000001
11.299999999999972
2.600000000000002
7.799999999999988
19.0
0.30000000000000004
9.499999999999982
16.199999999999957
4.300000000000001
0.7999999999999998
17.399999999999974
3.4000000000000017
4.200000000000002
2.1000000000000005
3.800000000000002
5.1999999999999975
0.4
2.500000000000001
10.299999999999976
18.699999999999992
5.299999999999994
40.50000000000033
13.299999999999967
34.40000000000024
1.6000000000000003
8.499999999999982
33.90000000000022
2.3000000000000007
51.100000000000506
30.600000000000176
5.999999999999996
19.2
12.899999999999967
1.6000000000000003
6.89999999999999
0.7999999999999999
0
6.099999999999994
3.600000000000002
10.099999999999977
15.499999999999957
2.700000000000001
2.400000000000001
5.799999999999995
6.999999999999988
0.1
19.3
4.300000000000002
8.299999999999983
7.2999999999999865
2.9000000000000012
0.09999999999999998
6.5999999999999925
2.0000000000000004
22.700000000000063
1.8000000000000005
31.200000000000202
4.5
13.699999999999966
5.699999999999996
7.199999999999987
9.199999999999982
6.299999999999994
31.40000000000019
14.299999999999962
12.599999999999968
34.60000000000026
4.8999999999999995
9.29999999999998
6.999999999999991
5.199999999999998
0.4
10.399999999999975
15.899999999999956
25.200000000000102
23.20000000000007
0.9999999999999999
2.3000000000000007
3.0000000000000013
24.100000000000097
12.699999999999967
3.2000000000000015
0.30000000000000004
22.60000000000006
4.999999999999995
3.2000000000000015
4.200000000000001
7.399999999999991
4.5
3.2000000000000015
5.199999999999998
11.89999999999997
9.999999999999977
3.3000000000000016
23.30000000000007
0.2
32.6000000000002
3.800000000000002
21.700000000000045
2.1000000000000005
4.899999999999999
46.70000000000042
1.0000000000000002
8.199999999999987
14.699999999999962
4.5
17.299999999999972
17.299999999999976
29.300000000000157
8.399999999999988
0
0.2
24.50000000000009
4.100000000000001
26.300000000000118
18.59999999999999
5.399999999999996
27.100000000000126
22.000000000000053
0.1
2.0000000000000004
1.5000000000000002
7.399999999999986
11.799999999999976
13.899999999999963
6.5999999999999925
9.29999999999998
3.1000000000000014
12.299999999999969
5.599999999999997
0.6
29.30000000000017
14.59999999999996
1.9000000000000006
36.20000000000026
5.699999999999997
20.20000000000003
7.099999999999991
14.799999999999962
13.399999999999965
8.99999999999998
1.2
9.099999999999982
32.30000000000021
9.699999999999982
4.799999999999999
17.699999999999978
2.2000000000000006
3.900000000000002
32.500000000000206
47.40000000000044
15.499999999999957
0.7
5.399999999999995
16.799999999999965
50.30000000000048
0.30000000000000004
7.099999999999991
12.999999999999972
2.500000000000001
15.699999999999957
6.699999999999989
1.5000000000000002
0.8999999999999999
8.499999999999986
8.099999999999987
1.7000000000000004
16.499999999999964
4.899999999999999
3.0000000000000013
2.0000000000000013
4.200000000000001
15.499999999999957
30.800000000000193
3.3000000000000016
1.0999999999999999
8.699999999999982
3.900000000000002
35.40000000000026
4.4999999999999964
14.99999999999996
5.399999999999997
5.099999999999999
2.2000000000000006
3.800000000000002
8.89999999999998
5.4999999999999964
14.099999999999968
4.200000000000001
8.89999999999998
8.399999999999986
0.6
-0.10000000000000003
14.99999999999996
4.5
25.900000000000095
10.499999999999979
6.199999999999994
4.299999999999999
4.699999999999999
15.499999999999956
0.9999999999999999
15.499999999999957
14.699999999999962
0.9999999999999999
6.799999999999988
0.30000000000000004
3.3000000000000016
5.299999999999997
3.0000000000000013
0.7
3.5000000000000018
10.599999999999975
9.499999999999982
14.79999999999996
50.80000000000047
7.49999999999999
12.899999999999968
7.49999999999999
2.800000000000002
5.1999999999999975
13.599999999999964
5.599999999999996
3.700000000000002
29.60000000000016
32.200000000000195
11.199999999999973
1.3
11.699999999999976
15.599999999999959
18.899999999999995
37.60000000000028
14.899999999999961
6.399999999999993
0.9999999999999999
15.999999999999957
3.3000000000000016
33.40000000000021
10.399999999999979
2.600000000000002
1.6000000000000003
6.999999999999991
10.59999999999998
17.299999999999986
24.60000000000009
0.9999999999999999
6.099999999999991
29.900000000000166
2.8000000000000016
8.099999999999987
14.399999999999965
15.19999999999996
9.699999999999978
43.30000000000037
13.299999999999963
4.300000000000001
12.199999999999969
12.699999999999967
14.799999999999963
4.400000000000001
13.699999999999964
11.499999999999973
10.79999999999998
30.700000000000195
5.899999999999995
3.7000000000000024
11.499999999999972
30.600000000000176
7.099999999999992
19.600000000000023
3.5000000000000018
24.00000000000007
2.3000000000000007
4.300000000000001
26.200000000000113
3.5000000000000018
8.299999999999986
0.6
0.7999999999999999
2.2000000000000006
2.0000000000000004
15.299999999999958
1.2
25.900000000000112
6.89999999999999
4.999999999999998
20.300000000000036
1.5000000000000002
3.2000000000000015
25.100000000000083
0.09999999999999998
12.299999999999969
2.2000000000000006
17.09999999999997
0
1.8000000000000005
4.000000000000003
0.5
9.899999999999977
12.999999999999966
3.4000000000000017
13.099999999999966
20.700000000000024
39.90000000000033
1.4000000000000001
13.399999999999965
24.300000000000086
38.600000000000314
32.900000000000205
19.100000000000012
41.20000000000034
11.399999999999972
13.299999999999965
41.800000000000345
7.599999999999989
6.599999999999989
11.399999999999972
16.799999999999965
11.399999999999972
14.69999999999996
56.40000000000057
4.6
30.700000000000177
9.299999999999985
9.099999999999984
11.99999999999997
17.499999999999975
4.300000000000002
39.5000000000003
2.600000000000001
8.899999999999984
14.499999999999964
4.100000000000001
3.1000000000000014
22.000000000000053
1.5000000000000002
127.89999999999671
8.899999999999984
5.099999999999999
0.30000000000000004
1.5000000000000002
40.10000000000032
0.7
2.3000000000000007
18.39999999999999
17.09999999999997
3.8999999999999995
3.700000000000002
29.900000000000166
0
25.600000000000094
1.800000000000001
18.199999999999985
2.1000000000000005
3.4000000000000004
5.999999999999995
1.4000000000000001
0.2
3.6000000000000014
5.699999999999996
35.00000000000025
17.599999999999977
1.600000000000001
7.599999999999989
13.299999999999969
14.499999999999963
39.80000000000032
34.000000000000234
18.799999999999994
33.700000000000216
14.699999999999962
9.299999999999983
7.29999999999999
14.399999999999961
6.899999999999992
20.000000000000007
17.59999999999999
8.899999999999984
4.500000000000001
14.399999999999961
18.999999999999996
11.999999999999975
9.499999999999984
33.20000000000022
4.799999999999999
5.299999999999998
16.599999999999962
15.29999999999996
3.3000000000000016
1.3
15.599999999999957
1.2000000000000004
2.2000000000000006
11.299999999999972
0.7
6.399999999999993
29.30000000000016
1.8000000000000005
10.099999999999977
7.099999999999991
23.400000000000073
10.999999999999977
6.999999999999991
0.8999999999999999
12.999999999999968
7.399999999999991
4.100000000000001
21.00000000000003
1.4000000000000001
30.100000000000172
2.800000000000001
5.499999999999997
2.0000000000000004
5.599999999999996
20.500000000000018
0.7999999999999999
0.9999999999999999
10.699999999999978
3.800000000000002
12.899999999999967
7.999999999999984
30.800000000000193
9.99999999999998
4.8
20.30000000000003
33.70000000000023
9.599999999999978
3.900000000000002
2.500000000000001
10.899999999999974
10.299999999999976
4.999999999999998
21.600000000000037
10.099999999999982
29.500000000000163
7.499999999999989
15.399999999999958
12.899999999999968
51.400000000000496
17.199999999999974
0.5
6.5999999999999925
3.800000000000002
2.600000000000001
13.699999999999964
3.0000000000000018
17.89999999999998
0.5
1.4000000000000001
0.1
2.500000000000001
9.699999999999978
5.699999999999996
2.500000000000001
9.699999999999982
1.3
6.699999999999992
0.4
0.4
10.999999999999979
2.800000000000002
0.1
7.899999999999988
1.9000000000000006
2.2000000000000006
27.900000000000137
9.599999999999978
8.099999999999987
5.699999999999996
6.299999999999994
0.9999999999999999
12.999999999999966
19.300000000000015
21.200000000000042
63.60000000000068
4.999999999999995
7.19999999999999
12.899999999999967
8.499999999999988
20.500000000000032
48.90000000000046
4.899999999999999
29.50000000000016
7.999999999999984
8.299999999999983
9.099999999999984
30.10000000000017
21.100000000000026
0.2
0.1
8.799999999999983
2.500000000000001
0.2
11.89999999999997
0.6
16.59999999999997
6.499999999999993
8.399999999999988
5.799999999999992
16.799999999999965
13.699999999999966
3.0000000000000013
6.499999999999993
1.8000000000000005
8.499999999999986
14.999999999999964
0.6000000000000001
13.799999999999963
9.899999999999977
0.1
5.599999999999996
4.899999999999999
4.200000000000001
3.800000000000002
22.400000000000045
9.099999999999985
7.499999999999986
8.699999999999985
0.6000000000000002
9.799999999999981
3.6000000000000028
2.800000000000001
8.699999999999982
9.29999999999998
3.3000000000000016
2.400000000000001
5.599999999999996
-2.7755575615628914e-17
51.6000000000005
1.6000000000000003
7.099999999999991
49.50000000000047
5.4999999999999964
4.000000000000002
12.899999999999967
5.699999999999996
4.899999999999995
6.499999999999993
42.20000000000035
3.3000000000000007
8.799999999999985
14.69999999999996
0.8999999999999999
5.099999999999998
16.499999999999964
6.699999999999992
4.400000000000001
9.499999999999979
1.9000000000000006
9.09999999999998
40.80000000000033
1.4000000000000001
10.49999999999998
14.599999999999962
10.099999999999982
10.49999999999998
16.49999999999996
34.800000000000246
7.699999999999989
6.099999999999994
23.300000000000058
1.3000000000000007
0
20.800000000000022
11.199999999999978
1.4000000000000001
17.59999999999998
23.500000000000075
10.199999999999976
3.0000000000000013
6.199999999999994
3.800000000000002
0
9.19999999999998
24.00000000000008
9.399999999999979
4.200000000000001
7.599999999999985
4.999999999999998
6.099999999999994
10.499999999999975
6.999999999999991
6.999999999999992
6.699999999999989
4.6
0
10.599999999999975
2.700000000000001
9.999999999999982
5.299999999999998
0
4.300000000000001
67.5000000000005
16.49999999999996
7.9999999999999885
13.399999999999965
16.699999999999967
0.7
109.69999999999787
5.399999999999997
1.4000000000000008
9.89999999999998
2.800000000000002
11.399999999999975
17.49999999999998
6.19999999999999
9.699999999999982
24.10000000000007
9.499999999999982
5.399999999999998
3.4000000000000017
17.79999999999998
11.79999999999997
2.1000000000000005
6.8999999999999915
0.6
6.999999999999991
1.7000000000000004
20.50000000000002
10.59999999999998
0.4
5.099999999999994
1.4000000000000001
0.4
5.299999999999997
31.900000000000198
7.49999999999999
18.700000000000006
3.3000000000000016
27.50000000000013
6.099999999999991
11.499999999999972
0.30000000000000004
6.199999999999994
3.2000000000000015
16.19999999999996
4.999999999999998
8.299999999999988
0.2
29.60000000000016
-0.7000000000000001
24.60000000000009
0.7
1.2
1.8000000000000005
52.700000000000514
2.3000000000000007
2.0000000000000004
2.3000000000000016
16.799999999999965
1.3
22.800000000000054
2.400000000000001
23.90000000000008
4.100000000000001
16.49999999999997
9.19999999999998
11.299999999999972
4.200000000000001
6.699999999999992
9.699999999999982
9.299999999999985
15.899999999999956
3.900000000000003
8.299999999999986
6.699999999999992
8.699999999999985
6.999999999999991
0.2
37.90000000000029
15.69999999999996
0.4
34.60000000000023
25.000000000000096
4.0
2.700000000000001
19.800000000000008
2.800000000000001
21.200000000000042
35.10000000000025
36.50000000000028
16.999999999999986
0.6
19.200000000000014
4.000000000000002
3.600000000000002
0.19999999999999987
68.10000000000046
0.30000000000000004
2.0000000000000004
2.0000000000000004
16.299999999999958
4.6000000000000005
23.000000000000053
13.499999999999966
8.599999999999985
23.60000000000008
5.099999999999998
7.999999999999985
18.800000000000004
5.299999999999997
1.8000000000000005
9.39999999999998
0.7999999999999999
1.3
1.8000000000000005
37.500000000000284
16.499999999999957
32.20000000000021
2.600000000000001
6.999999999999988
3.2000000000000015
21.90000000000004
2.400000000000001
9.599999999999982
33.00000000000023
4.699999999999999
1.5000000000000002
5.399999999999997
4.499999999999997
10.399999999999979
9.699999999999978
12.799999999999965
0.30000000000000004
33.000000000000234
8.599999999999982
16.099999999999955
0.6
4.999999999999998
0.1
4.000000000000002
0.2
4.100000000000002
14.299999999999962
19.50000000000002
0
20.30000000000003
11.599999999999977
3.2000000000000033
1.3
11.79999999999997
0.3999999999999999
16.699999999999953
12.599999999999973
6.099999999999991
5.999999999999996
5.499999999999993
8.299999999999986
10.099999999999982
15.399999999999956
3.0000000000000013
2.500000000000001
6.299999999999994
21.40000000000004
0
3.1000000000000014
2.500000000000001
5.4999999999999964
6.299999999999991
2.1000000000000005
0.5
12.499999999999972
21.200000000000042
0.7999999999999999
19.099999999999998
0.8999999999999999
2.900000000000002
6.799999999999989
10.199999999999978
28.200000000000156
10.399999999999979
8.399999999999986
10.39999999999998
7.899999999999988
5.699999999999992
7.099999999999987
2.700000000000001
9.89999999999998
16.599999999999962
2.700000000000002
4.4
1.7000000000000004
5.499999999999997
21.900000000000038
0.7
9.89999999999998
0
3.2000000000000015
31.00000000000018
6.499999999999991
6.799999999999992
0.8999999999999999
2.700000000000001
22.300000000000054
15.499999999999957
3.700000000000002
0.7
3.1000000000000014
5.999999999999995
3.700000000000002
3.700000000000003
9.89999999999998
0.8999999999999999
6.19999999999999
7.39999999999999
3.900000000000002
1.2
5.399999999999997
2.9000000000000012
2.800000000000001
0.7999999999999999
13.99999999999996
7.49999999999999
2.3000000000000007
6.999999999999991
6.699999999999992
3.2000000000000015
9.59999999999998
3.1000000000000023
19.800000000000022
6.099999999999994
7.399999999999991
10.499999999999975
6.699999999999993
0.5
9.099999999999984
4.799999999999999
21.300000000000033
0.8999999999999999
5.399999999999998
1.0999999999999999
16.49999999999996
1.2
11.699999999999976
2.700000000000001
5.899999999999995
12.299999999999969
5.099999999999998
20.90000000000004
11.799999999999974
24.500000000000075
1.9000000000000006
8.299999999999983
18.700000000000006
6.8999999999999915
0.8000000000000003
0.4
3.800000000000002
6.799999999999988
8.299999999999986
3.2000000000000024
5.399999999999997
27.70000000000013
18.9
5.099999999999998
1.3
0.5
14.199999999999966
1.2
7.999999999999988
18.399999999999988
9.499999999999982
1.0999999999999999
14.699999999999962
5.999999999999991
2.600000000000001
9.699999999999978
3.700000000000003
4.200000000000001
31.900000000000198
9.499999999999982
6.099999999999995
13.299999999999965
4.6000000000000005
6.29999999999999
9.499999999999982
8.399999999999988
0.7999999999999999
42.700000000000394
36.70000000000026
15.199999999999955
23.100000000000065
15.399999999999958
0.7
7.399999999999986
22.000000000000053
11.299999999999969
14.199999999999966
3.800000000000003
3.0000000000000013
2.700000000000001
0.29999999999999993
6.299999999999994
13.099999999999966
20.900000000000038
1.4000000000000001
13.399999999999968
6.699999999999992
1.4000000000000001
1.0999999999999999
1.8000000000000005
1.0
4.999999999999998
7.899999999999984
0.5
20.900000000000038
4.100000000000001
1.3
0.5
10.299999999999976
4.899999999999999
8.299999999999983
6.799999999999992
37.400000000000276
5.399999999999998
2.1000000000000014
19.2
1.3
3.2000000000000024
1.4000000000000001
9.799999999999981
3.1000000000000023
7.699999999999985
2.600000000000001
3.900000000000002
8.999999999999984
2.600000000000001
2.2000000000000006
7.099999999999988
1.5000000000000002
15.899999999999956
1.7000000000000004
5.699999999999994
0.7
0.7999999999999999
5.4999999999999964
21.400000000000045
18.099999999999984
0.4
3.700000000000002
22.10000000000004
0.9999999999999999
2.1000000000000014
0
8.599999999999985
2.1000000000000005
8.399999999999983
4.000000000000002
18.699999999999992
4.000000000000002
6.699999999999992
9.699999999999983
16.39999999999997
9.99999999999998
8.799999999999986
10.199999999999982
6.2999999999999945
7.699999999999989
15.199999999999958
12.199999999999973
16.99999999999997
7.599999999999989
14.299999999999963
25.50000000000009
4.6000000000000005
0.4
2.700000000000001
15.799999999999956
1.7000000000000004
3.800000000000002
10.39999999999998
8.699999999999987
2.9000000000000012
8.099999999999989
3.600000000000002
0.2
7.49999999999999
14.299999999999962
9.499999999999982
4.300000000000002
26.400000000000116
5.4999999999999964
20.10000000000003
13.699999999999964
10.699999999999974
3.5000000000000018
2.0000000000000004
3.000000000000002
22.20000000000006
4.4
8.499999999999986
27.50000000000013
20.600000000000033
8.599999999999982
6.799999999999988
9.899999999999977
8.899999999999984
9.19999999999998
4.999999999999998
2.800000000000002
74.9
3.2000000000000024
56.20000000000058
1.5000000000000002
50.90000000000049
0.7999999999999999
17.69999999999998
30.500000000000174
5.4999999999999964
1.0999999999999999
3.1000000000000023
12.199999999999969
14.199999999999962
6.499999999999993
37.50000000000029
32.7000000000002
9.799999999999981
3.1000000000000014
25.00000000000009
24.70000000000008
0.8999999999999999
26.200000000000117
22.800000000000054
0.5
17.09999999999997
0.1
46.90000000000042
13.19999999999997
0.4
3.900000000000003
26.00000000000011
26.900000000000123
9.899999999999977
23.400000000000073
9.399999999999983
0.7
0.1
17.399999999999974
1.2
3.3000000000000016
3.2000000000000024
12.399999999999968
3.0000000000000013
1.6000000000000003
3.3000000000000025
20.200000000000028
8.299999999999983
21.80000000000005
17.89999999999998
1.4000000000000001
20.60000000000002
2.0000000000000013
5.599999999999996
2.3000000000000007
1.8000000000000005
15.499999999999957
8.599999999999982
4.6
0.7999999999999999
1.5000000000000002
2.800000000000001
17.899999999999984
5.599999999999996
7.999999999999988
9.199999999999985
7.39999999999999
9.99999999999998
3.000000000000002
5.599999999999996
10.299999999999976
2.1000000000000005
0.5
7.799999999999989
16.799999999999972
8.999999999999984
