0.2
0
0.8999999999999998
0.09999999999999998
-0.9
0.4
-1
0.2
-0.10000000000000003
1.4000000000000001
0.3999999999999999
0.7
-1.0000000000000002
0.1
0.1
0.4
-0.6000000000000001
0.6
-0.5
0.4
0.30000000000000004
-0.30000000000000004
0.7
0.5
0.2
0.4
-0.10000000000000014
0
-0.6000000000000001
0.8999999999999999
0.30000000000000004
0.2
0.1
0.7
-0.6
0.7999999999999999
-0.30000000000000016
-0.20000000000000004
-1.1102230246251565e-16
0.7
0.30000000000000004
-0.8
0.4
-5.551115123125783e-17
0.4
-0.20000000000000015
0.9999999999999997
-0.5
1.2
0.4
0
-0.6
0.29999999999999993
0.30000000000000004
0
-0.4
0.19999999999999996
0.5
-0.20000000000000015
0.7
0.09999999999999987
0.9999999999999998
-0.5000000000000002
0.5000000000000001
0.8999999999999998
-1.3877787807814457e-16
0.4
-0.20000000000000015
0.3999999999999999
-0.40000000000000013
0.7999999999999999
0
0.5999999999999999
0.19999999999999996
0.1
0
-0.5000000000000001
0.3
0.6
-0.7000000000000001
0.1
0.30000000000000004
-0.2000000000000003
0.8999999999999999
0.19999999999999987
0.5
0
1.0999999999999999
0.4999999999999999
0
0.30000000000000004
0.19999999999999984
-0.2000000000000003
0.6
-0.5000000000000003
0.7999999999999999
-1.3
0.2
0.5
-0.5000000000000001
0.8999999999999999
0.6
0.2
-0.8
0.5
0
-0.6
0.6
1.6000000000000003
0.19999999999999987
0.4
0.2
1.5000000000000022
0.3999999999999996
-2.7755575615628914e-17
-0.30000000000000016
-0.10000000000000006
0.8999999999999999
0.9999999999999999
-0.7000000000000002
0
0.30000000000000004
0.6
0.2
0.6
0
0.5
0.7999999999999998
0.09999999999999987
-0.20000000000000015
0.7
0.4
0
1.4000000000000001
0.6999999999999998
0.9999999999999999
-2.7755575615628914e-17
0.5999999999999999
3.500000000000002
0
2.100000000000002
1.3
3.2000000000000015
-0.40000000000000013
0.8999999999999999
-0.5000000000000002
0.4
0.5
-0.30000000000000004
0.5
1.9000000000000006
0
1.3
1.5000000000000002
0.7
2.700000000000001
0.1
0.5999999999999999
0.4
0.30000000000000004
0.6
0.1
1.8000000000000012
-0.5000000000000001
0.6
0.1
0.30000000000000004
0.7
2.8000000000000025
-0.30000000000000016
2.0000000000000004
0.8999999999999999
1.5000000000000002
1.0999999999999999
0.4
0.4
0.8999999999999999
0.2
0.7
0.1
0.6
0
1.7000000000000004
0.5
0.9999999999999999
2.1000000000000005
0.7000000000000001
7.999999999999981
-0.20000000000000004
1.0000000000000004
0.8999999999999999
-0.20000000000000007
1.700000000000001
4.100000000000002
3.700000000000003
0
0.1
2.600000000000001
0.4
1.9000000000000006
0.0999999999999999
0.1
0
0.30000000000000004
0.4999999999999999
4.299999999999998
2.700000000000002
3.3000000000000025
1.7000000000000004
1.5000000000000007
-8.326672684688674e-17
0
1.0999999999999999
2.5000000000000027
0
1.0999999999999999
2.900000000000002
0.7
0.4
1.5000000000000002
3.4000000000000017
0.30000000000000004
3.600000000000002
-0.6000000000000001
0.2
0.7999999999999999
0.7999999999999999
1.8000000000000012
0.30000000000000004
1.5000000000000002
0.30000000000000004
-0.40000000000000013
2.400000000000001
2.1000000000000005
-0.10000000000000014
1.6000000000000003
0.7
1.3
0.9999999999999999
0.3999999999999999
-0.8
4.1000000000000005
0.8000000000000003
2.400000000000001
0.3
0.6
1.7000000000000004
1.6000000000000003
1.0999999999999999
0.1
0.19999999999999998
2.5000000000000027
0.30000000000000004
0.7999999999999999
1.8000000000000005
-0.30000000000000016
0.30000000000000004
0.7
0.7999999999999999
0.3999999999999999
0.2
0.6999999999999998
0.2
0.6
1.0999999999999999
0.30000000000000004
1.6000000000000003
0.30000000000000004
1.2
-0.7000000000000001
1.4000000000000001
1.0999999999999999
1.4000000000000001
2.1000000000000005
2.700000000000001
0.5
-0.6000000000000001
0.7
2.400000000000001
1.9000000000000006
0.2
0.19999999999999987
0.4
1.2000000000000004
0
1.9000000000000006
0.6
0.9999999999999999
-0.40000000000000013
0
0.5999999999999999
0.2
0.7999999999999999
0.30000000000000004
1.9000000000000012
3.200000000000003
0.2
-0.10000000000000014
1.7000000000000006
-0.4
0.4
0
0.5
0
0.30000000000000004
-0.6000000000000001
1.6000000000000014
1.8000000000000012
0.6
0.29999999999999993
0.5
0.7000000000000002
0.7
1.4000000000000001
0.7
0.1
1.5000000000000002
3.0000000000000013
2.900000000000002
0.2
0.30000000000000004
0.8999999999999999
0.3999999999999999
0.4
1.0999999999999999
0.1
0.9000000000000005
0.8000000000000002
0.5
0.9999999999999999
4.100000000000003
1.0999999999999999
5.9999999999999885
-0.5
1.5000000000000002
0.30000000000000004
0.5
-0.20000000000000004
0.2
0.4
1.8000000000000005
-0.7
0.8999999999999999
0.8999999999999999
0.6
0.7999999999999999
0.1
0.5
3.000000000000003
-0.7000000000000001
1.2
0.5
0.1
-0.10000000000000014
0.7999999999999999
1.4000000000000001
0.8999999999999999
0.7999999999999999
2.9000000000000017
0.7
0.6
-0.9
2.0000000000000004
0
0.3
0.5
3.5000000000000036
3.6000000000000014
1.2000000000000002
2.900000000000002
0.4
0.30000000000000004
-0.20000000000000015
0.8999999999999999
4.700000000000001
0.30000000000000004
-0.40000000000000013
0.30000000000000004
0.1
0.2
-0.40000000000000013
1.0999999999999999
1.3000000000000005
0.4
0.4
2.2000000000000006
0
-0.10000000000000026
0.1
1.1000000000000003
0.7999999999999998
0.7
0
2.600000000000001
-0.5
3.5000000000000027
0.4
0
0.8999999999999999
0.6
0.5
0.4
0.4
4.400000000000001
1.2
2.0000000000000013
0.30000000000000004
0.5
-0.4
1.4000000000000001
2.200000000000003
0.30000000000000004
0.7
-0.10000000000000026
-2.7755575615628914e-17
1.4000000000000001
3.400000000000003
0.1
7.199999999999983
1.6000000000000003
-2.7755575615628914e-17
0.5
0.19999999999999996
0.4
1.2000000000000004
0.30000000000000004
2.4000000000000017
0.29999999999999993
2.4000000000000026
1.2
0.1
0.2
1.0000000000000002
0.8999999999999999
0
-0.7000000000000001
5.4999999999999964
0.6
0.5999999999999999
0.5000000000000002
0.7999999999999999
0.5
-0.5
5.899999999999989
0.3999999999999999
0
0.7999999999999999
0.4
0.7
1.2000000000000002
0.5999999999999999
2.3000000000000007
2.3000000000000007
0.7
2.0000000000000013
0.7999999999999999
6.199999999999993
3.5000000000000018
0.2
0.1
2.0000000000000004
-2.7755575615628914e-17
0
0.1
1.700000000000001
1.7000000000000004
0.5
0.4
0.4
0
1.5000000000000002
1.2000000000000006
0.7
3.2000000000000024
4.899999999999999
0.9
0.1
1.3
0
0.30000000000000004
1.9000000000000012
0.4
0.40000000000000013
1.5000000000000002
1.6000000000000003
2.800000000000001
2.400000000000001
1.5000000000000009
0
2.800000000000002
0.29999999999999993
1.4000000000000001
-0.5
1.0999999999999999
1.5000000000000009
0.6
0.6999999999999998
3.900000000000003
0.6
1.7000000000000004
0.4
5.9999999999999885
2.2000000000000015
8.399999999999988
-0.6000000000000001
1.8000000000000012
0.6999999999999998
0.8999999999999999
-0.7000000000000001
1.8000000000000005
0.9999999999999998
0
1.2000000000000004
2.400000000000001
1.2
3.4000000000000004
1.700000000000001
-0.10000000000000003
0.30000000000000004
2.400000000000001
0.1
0.8999999999999999
1.5000000000000002
1.7000000000000004
2.400000000000001
1.4000000000000001
0.8999999999999999
0.5
-0.9
0.8999999999999999
2.1000000000000014
0.7999999999999998
2.3000000000000007
0.49999999999999967
3.3000000000000034
4.500000000000002
0.8999999999999999
0.2
1.3000000000000005
0
1.2
2.1000000000000005
4.099999999999999
0
0.7
-0.30000000000000004
0.2
1.5000000000000002
1.6000000000000003
1.4000000000000001
-0.9
0.4
5.199999999999996
1.1000000000000005
3.400000000000003
0.6
-0.30000000000000004
1.7000000000000004
0.1
1.3
1.0999999999999999
0.8000000000000005
0.6
0.6
0.5
1.4000000000000001
1.9000000000000006
2.3000000000000016
2.3000000000000007
2.5000000000000018
0.7999999999999998
1.9000000000000006
1.700000000000001
3.5000000000000027
0.7999999999999999
0.7999999999999999
-5.551115123125783e-17
2.1000000000000014
0.5
0.30000000000000004
0.7999999999999999
0.2
1.900000000000001
1.0999999999999999
0.09999999999999987
5.499999999999997
0
1.4000000000000006
2.2000000000000024
3.6000000000000036
-0.5
4.000000000000003
0.7999999999999999
1.6000000000000003
0.1
0.7999999999999998
2.4000000000000026
2.800000000000004
1.4000000000000001
1.8000000000000005
2.700000000000001
1.2
0
2.600000000000002
0.09999999999999998
1.3000000000000007
1.4000000000000001
0.7
0.4
2.100000000000003
0
0.9
3.600000000000002
0.1
2.1000000000000005
0.2
1.6000000000000003
4.299999999999999
3.000000000000002
0.7999999999999998
1.0999999999999999
0.4
0.3999999999999999
1.5000000000000002
0.2
-1.3877787807814457e-16
1.4000000000000001
0
0
0.9999999999999999
0.1
3.700000000000002
1.9000000000000006
2.500000000000001
1.0999999999999999
0.1
2.0000000000000004
5.999999999999991
-2.7755575615628914e-17
3.7000000000000033
5.699999999999995
3.6000000000000036
0.1
1.5000000000000018
0.9999999999999999
1.9000000000000006
3.800000000000004
0.8999999999999999
0.7999999999999999
0.09999999999999987
0.30000000000000004
5.299999999999999
0.8999999999999999
2.5000000000000018
0.1
4.299999999999998
0.6
8.599999999999985
1.0999999999999999
3.2000000000000024
1.6000000000000003
2.0000000000000004
2.0000000000000004
0.7
0.3
2.3000000000000016
0.09999999999999992
0.4
2.2000000000000006
0.7
2.0000000000000004
0.2999999999999999
0.1
1.5000000000000002
4.000000000000003
2.3000000000000016
1.600000000000001
2.600000000000002
4.100000000000001
1.2000000000000006
8.099999999999984
0.3
2.2000000000000015
5.799999999999989
2.400000000000001
0.9999999999999999
1.9000000000000017
1.2
0.5
1.6000000000000005
0.1
0.5
0.6
0.7999999999999999
0.4
2.9000000000000012
-0.20000000000000004
0.9999999999999999
3.000000000000002
0.1
0.4
3.3000000000000025
0.1
0.8999999999999999
1.7000000000000004
0
1.4000000000000001
0.5
0.9999999999999999
3.700000000000003
0.1
4.500000000000001
0.8999999999999999
0.09999999999999998
1.0999999999999999
1.5000000000000002
0.1
0
0.8000000000000003
4.300000000000001
2.000000000000001
0.6
0.9000000000000006
2.0000000000000004
1.3
0
3.000000000000002
2.600000000000001
2.0000000000000013
1.4000000000000001
2.5000000000000018
0
3.0000000000000013
5.1999999999999975
1.2
5.299999999999997
2.600000000000002
1.8000000000000005
10.099999999999971
0.2
4.8999999999999995
2.2000000000000006
8.399999999999988
0.2
2.0000000000000004
1.9000000000000012
0.7
2.600000000000001
1.0999999999999999
3.3000000000000016
-0.8
0.2
5.499999999999996
0.7999999999999999
0.1
3.3000000000000025
2.1000000000000005
0.7
4.100000000000003
3.600000000000002
3.600000000000002
0.30000000000000004
0.5
0.3
1.3
0.3
4.6000000000000005
1.7000000000000004
0.6
3.4000000000000017
2.1000000000000005
0
1.4000000000000008
0
1.4000000000000001
2.800000000000001
0.3
2.400000000000001
1.5000000000000002
0.30000000000000004
1.600000000000001
0
2.0000000000000013
0.5
0.5
5.4999999999999964
2.0000000000000004
3.3000000000000025
1.1000000000000005
6.9999999999999885
2.9000000000000012
0.9999999999999999
12.799999999999962
9.099999999999977
2.500000000000001
3.700000000000002
2.1000000000000005
1.3
3.600000000000002
7.799999999999988
0.5999999999999999
0.7999999999999999
2.4000000000000012
-0.10000000000000014
0.1
1.8000000000000005
2.2000000000000006
2.0000000000000013
1.7000000000000004
0.4
8.099999999999984
1.9000000000000006
2.3000000000000016
2.0000000000000004
2.600000000000001
5.399999999999991
1.600000000000001
0.6
2.0000000000000004
2.1000000000000014
7.399999999999986
2.400000000000001
6.49999999999999
6.5999999999999925
2.1000000000000005
2.9000000000000012
0.4
0.3
11.099999999999971
0.2
0.8999999999999999
1.2
2.2000000000000006
3.600000000000002
0.4
0.30000000000000004
3.4000000000000026
3.5000000000000018
2.1000000000000014
2.1000000000000005
2.200000000000002
3.0000000000000013
1.6000000000000003
1.5000000000000009
4.100000000000002
12.099999999999966
1.4000000000000008
1.2
0.19999999999999993
2.600000000000001
4.6
1.0999999999999999
2.2000000000000006
0.5
3.2000000000000015
4.200000000000002
1.2
-0.7000000000000001
2.500000000000001
1.9000000000000006
0.6
1.3
0.7
0.1
1.0999999999999999
14.199999999999964
0.2
1.2
7.099999999999992
0.6
0
1.9000000000000006
4.999999999999999
1.0999999999999999
0.8000000000000005
9.099999999999978
0.7999999999999999
4.799999999999999
2.700000000000001
0.1
3.3000000000000016
2.700000000000002
6.49999999999999
0.4
0.1
13.099999999999957
6.799999999999993
2.4000000000000017
14.999999999999952
1.6000000000000003
3.2000000000000033
8.399999999999984
2.3000000000000007
-0.5
3.800000000000003
3.3000000000000016
0
3.800000000000003
10.599999999999973
5.999999999999996
3.0000000000000013
16.19999999999995
0.5999999999999999
5.499999999999997
2.400000000000001
10.899999999999975
0.2
2.700000000000001
4.999999999999995
0
1.6000000000000003
1.5000000000000002
2.300000000000001
0.7999999999999999
3.4000000000000026
1.9000000000000006
2.600000000000001
1.1000000000000003
7.999999999999986
0.7
0.7999999999999999
9.799999999999976
6.2999999999999945
1.9000000000000006
4.000000000000003
0.5
0.2
2.3000000000000007
4.499999999999997
2.400000000000001
2.600000000000001
0.8999999999999999
-0.8
2.3000000000000007
4.6
3.900000000000002
2.0000000000000004
-0.8
2.4000000000000017
4.8
3.700000000000002
0.19999999999999996
4.100000000000002
8.799999999999981
1.7000000000000004
2.4000000000000017
8.699999999999985
3.4000000000000017
0.1
1.9000000000000006
9.799999999999978
3.0000000000000013
0.3999999999999999
0.6
2.2000000000000006
9.799999999999981
0.7999999999999999
2.2000000000000006
4.8999999999999995
9.39999999999998
3.900000000000003
2.600000000000001
5.399999999999997
2.1000000000000005
0.2
2.0000000000000004
0.6999999999999998
4.200000000000002
1.6000000000000003
9.59999999999998
0.8000000000000005
3.4000000000000017
0
9.999999999999975
1.8000000000000005
0.6
1.5000000000000007
3.700000000000003
2.900000000000002
17.599999999999987
0.7
1.2
11.899999999999974
6.099999999999991
5.699999999999994
16.49999999999996
6.299999999999989
2.2000000000000006
11.599999999999973
14.399999999999956
0
5.599999999999997
0.2
4.300000000000002
1.3
2.500000000000001
0.1
2.600000000000001
5.1999999999999975
-8.326672684688674e-17
2.0000000000000013
7.39999999999999
3.2000000000000015
2.2000000000000006
0.30000000000000004
5.399999999999994
1.1000000000000005
4.6
5.399999999999996
7.299999999999987
6.499999999999993
0.8999999999999999
4.6
0.7999999999999999
1.4000000000000001
5.299999999999997
4.699999999999997
17.19999999999997
9.399999999999977
8.999999999999977
4.300000000000001
5.899999999999994
0.6
4.6
0.2
2.500000000000001
7.19999999999999
3.900000000000002
1.5000000000000002
6.399999999999993
12.999999999999964
1.5000000000000002
0.6
5.099999999999998
4.5
0.1
6.499999999999994
23.100000000000048
4.300000000000001
10.29999999999998
5.599999999999994
6.199999999999991
1.5000000000000002
1.9000000000000006
1.3
6.799999999999993
1.5000000000000002
2.700000000000001
3.800000000000002
8.299999999999988
6.799999999999992
-0.6000000000000001
0
0.1
18.1
2.1000000000000005
0.7999999999999999
0.30000000000000004
0.6999999999999998
1.2
1.4000000000000001
3.800000000000002
-0.4
13.799999999999953
4.299999999999998
3.3000000000000007
7.999999999999984
11.999999999999964
5.699999999999996
3.200000000000002
1.6000000000000003
1.2
8.699999999999985
3.1000000000000014
5.5999999999999925
7.2999999999999865
0.8999999999999999
23.200000000000056
1.2
1.3
0.7999999999999999
1.4000000000000001
20.500000000000014
5.099999999999996
0.8999999999999999
0.4
0.1
0.2
3.0000000000000013
0.1
0.5999999999999999
2.900000000000002
0.5
0.5
5.299999999999997
3.2000000000000015
3.700000000000002
11.399999999999974
3.2000000000000024
8.299999999999986
14.599999999999955
0.5999999999999999
1.7000000000000004
4.1
0
0.2
11.599999999999968
0.09999999999999998
6.699999999999993
6.399999999999993
0.1
15.499999999999954
0.7
12.399999999999968
14.099999999999959
2.0000000000000004
0.6999999999999998
5.299999999999998
10.99999999999997
13.199999999999964
6.099999999999994
2.400000000000001
2.600000000000002
3.400000000000002
4.899999999999999
1.3
0.4999999999999999
3.5000000000000018
0.8
2.900000000000002
35.9000000000003
6.2999999999999945
3.600000000000002
3.2000000000000015
11.99999999999997
1.6000000000000003
0.5
2.900000000000002
2.2000000000000006
1.6000000000000003
10.39999999999998
13.499999999999964
0.1
1.3
6.39999999999999
11.399999999999974
4.500000000000001
5.399999999999998
3.1000000000000014
10.19999999999998
11.699999999999967
15.899999999999954
0.9999999999999998
6.399999999999991
0.1
4.999999999999999
1.0999999999999999
0.1
1.6000000000000003
29.70000000000018
5.499999999999997
12.999999999999961
7.899999999999984
1.700000000000001
4.5
5.199999999999998
2.600000000000001
7.999999999999985
3.3000000000000016
2.700000000000001
9.799999999999974
5.999999999999996
22.000000000000053
4.100000000000002
15.199999999999958
7.49999999999999
1.1
0.1
1.2
2.0000000000000013
3.0000000000000013
14.699999999999966
0
1.7000000000000004
6.799999999999993
3.700000000000003
3.5000000000000027
3.2000000000000015
5.799999999999992
2.2000000000000006
16.899999999999974
1.2
10.999999999999973
1.0999999999999999
6.6999999999999895
2.600000000000001
2.0000000000000004
14.199999999999964
2.9000000000000012
12.199999999999962
1.4000000000000001
4.4
4.4
1.4000000000000001
7.09999999999999
2.0000000000000004
15.799999999999953
1.5000000000000002
4.4
1.8000000000000005
3.5000000000000018
1.5000000000000002
7.499999999999989
10.499999999999975
6.19999999999999
11.999999999999968
17.69999999999998
1.0999999999999999
14.19999999999996
2.800000000000002
2.500000000000001
19.300000000000015
2.700000000000001
6.499999999999994
29.400000000000173
10.09999999999998
1.7000000000000004
3.3000000000000016
16.199999999999953
11.69999999999997
1.6000000000000003
-0.10000000000000009
2.600000000000001
2.800000000000001
22.000000000000046
13.499999999999964
3.600000000000002
3.4000000000000017
3.9999999999999996
3.0000000000000018
3.3000000000000016
4.000000000000003
9.199999999999983
4.100000000000001
7.399999999999986
0.8999999999999999
6.099999999999991
5.1999999999999975
0.5999999999999999
3.800000000000002
8.799999999999983
7.499999999999986
6.199999999999991
9.199999999999982
16.29999999999996
1.9000000000000006
4.899999999999995
4.699999999999999
0.2
7.299999999999991
0.5999999999999999
18.199999999999985
7.19999999999999
-0.10000000000000003
17.299999999999965
1.0999999999999999
8.299999999999985
3.400000000000002
3.4000000000000017
13.699999999999964
3.899999999999999
18.5
6.499999999999994
0.2
3.700000000000002
8.89999999999998
3.900000000000003
5.099999999999998
2.700000000000001
0.9999999999999999
5.5999999999999925
9.299999999999983
7.599999999999985
0.2
0.3999999999999999
3.3000000000000016
0.6
0.4999999999999999
4.200000000000001
-5.551115123125783e-17
0.30000000000000004
6.2999999999999945
11.399999999999977
8.299999999999986
-0.20000000000000004
9.09999999999998
22.600000000000048
9.799999999999983
2.0000000000000004
17.29999999999997
21.10000000000004
1.4000000000000008
0.30000000000000004
11.499999999999964
4.899999999999999
13.89999999999996
0.5999999999999999
14.499999999999961
5.699999999999997
-0.10000000000000003
0.7999999999999999
17.599999999999973
13.399999999999963
0.8999999999999999
3.5000000000000018
8.799999999999985
6.799999999999993
4.100000000000001
8.399999999999984
11.699999999999974
0.30000000000000004
4.5
9.399999999999979
7.599999999999986
33.40000000000021
3.2000000000000015
2.700000000000002
24.200000000000088
6.199999999999994
0.7999999999999999
6.399999999999994
0.5
3.700000000000002
8.199999999999983
2.3000000000000007
3.5000000000000018
0.8999999999999999
11.699999999999969
1.5000000000000002
3.900000000000002
1.6000000000000003
4.8999999999999995
5.799999999999995
7.199999999999989
10.099999999999982
0.6
9.199999999999976
5.699999999999992
2.700000000000001
0.1
7.099999999999992
6.899999999999992
14.59999999999996
4.000000000000002
0.30000000000000004
2.1000000000000005
2.700000000000002
8.299999999999983
2.3000000000000007
17.799999999999997
6.199999999999994
12.499999999999968
0.4
0.7
11.499999999999968
2.500000000000001
0.9999999999999999
6.399999999999994
5.7999999999999945
3.1000000000000014
1.0000000000000002
10.599999999999978
19.400000000000002
4.8999999999999995
9.799999999999981
15.899999999999952
5.799999999999995
12.79999999999997
4.699999999999999
14.899999999999965
3.000000000000002
6.599999999999989
1.4000000000000001
1.0999999999999999
10.999999999999972
13.099999999999968
3.700000000000002
13.59999999999996
9.699999999999978
0.6
7.49999999999999
17.599999999999977
2.2000000000000006
9.299999999999983
0.6
6.499999999999989
12.499999999999963
5.1999999999999975
1.9000000000000006
4.799999999999998
0.9999999999999999
27.300000000000114
0.2
0.5
0.4
7.499999999999989
3.700000000000002
10.199999999999978
1.2
0.9999999999999999
1.4000000000000001
0.7999999999999999
2.1000000000000014
0
5.299999999999997
1.9000000000000006
17.299999999999972
2.1000000000000005
12.299999999999965
0
1.8000000000000005
0.30000000000000004
8.199999999999985
11.799999999999974
5.299999999999998
6.199999999999994
35.90000000000026
4.999999999999998
5.799999999999995
11.999999999999972
0.1
4.500000000000001
29.80000000000016
14.399999999999958
25.400000000000112
0.1
11.79999999999997
4.4
5.699999999999997
13.499999999999964
16.399999999999963
1.8000000000000005
1.4000000000000001
10.599999999999975
11.99999999999997
0.7999999999999999
4.799999999999999
7.799999999999988
5.099999999999998
10.899999999999979
7.599999999999989
5.599999999999996
15.799999999999953
25.70000000000009
18.19999999999998
14.699999999999964
6.999999999999988
2.0000000000000004
10.099999999999977
10.99999999999997
2.600000000000001
7.299999999999989
9.299999999999985
18.599999999999998
1.1000000000000005
17.999999999999982
0.7999999999999999
6.8999999999999915
8.699999999999987
22.800000000000065
7.099999999999991
0.5
7.799999999999985
2.2000000000000006
2.900000000000002
16.599999999999962
9.699999999999976
0.9999999999999999
0.4
27.200000000000124
2.1000000000000005
1.8000000000000005
8.099999999999985
10.799999999999978
33.10000000000023
6.899999999999992
2.600000000000001
1.5000000000000004
0.8999999999999999
1.6000000000000003
0.6
9.399999999999983
3.4000000000000017
18.699999999999992
1.8000000000000005
9.19999999999998
11.89999999999997
18.099999999999984
6.299999999999991
3.2000000000000024
12.999999999999966
0.6
8.899999999999986
3.900000000000002
0.9000000000000001
5.699999999999996
4.100000000000001
18.899999999999995
4.4999999999999964
6.099999999999994
2.3000000000000007
6.499999999999989
3.2000000000000015
35.20000000000024
12.59999999999997
10.09999999999998
4.300000000000002
6.999999999999991
1.8000000000000005
10.899999999999974
4.999999999999999
7.199999999999991
13.599999999999964
11.699999999999973
12.09999999999997
7.49999999999999
3.1000000000000014
15.599999999999962
7.599999999999989
1.5000000000000002
33.70000000000023
3.700000000000002
28.60000000000017
9.299999999999983
3.700000000000002
11.399999999999975
11.599999999999977
3.8
10.599999999999978
3.2000000000000015
0.7999999999999999
4.5
3.4000000000000017
12.999999999999968
1.5000000000000009
21.100000000000026
35.40000000000027
1.9000000000000006
4.200000000000001
10.29999999999998
2.2000000000000006
4.899999999999999
10.099999999999973
6.499999999999993
0.19999999999999987
17.299999999999976
20.100000000000016
2.700000000000001
8.699999999999982
20.900000000000023
3.4000000000000026
22.500000000000057
3.3000000000000016
7.2999999999999865
24.100000000000083
39.7000000000003
20.400000000000013
5.699999999999996
2.700000000000002
11.79999999999997
0.30000000000000004
11.599999999999975
20.200000000000014
4.999999999999998
18.900000000000013
3.2000000000000015
0
14.099999999999959
12.599999999999971
3.0000000000000018
18.500000000000007
10.699999999999978
3.9000000000000026
7.29999999999999
24.90000000000008
0.19999999999999993
2.800000000000001
7.199999999999987
69.50000000000031
7.699999999999989
17.79999999999998
3.4000000000000026
18.299999999999986
3.5000000000000018
9.299999999999985
2.900000000000002
1.2
5.799999999999995
4.200000000000001
5.1999999999999975
7.899999999999988
14.899999999999961
2.800000000000001
22.100000000000055
5.1999999999999975
13.899999999999963
4.000000000000002
0.8000000000000005
11.099999999999973
26.60000000000012
4.799999999999999
8.599999999999987
10.799999999999974
14.699999999999966
11.899999999999972
10.199999999999976
15.299999999999958
4.400000000000001
8.699999999999983
18.799999999999994
5.899999999999995
1.2
23.500000000000075
7.999999999999984
3.4000000000000017
2.6000000000000014
18.49999999999999
15.999999999999957
8.299999999999988
13.599999999999966
2.2000000000000006
31.5000000000002
4.799999999999999
2.9000000000000012
1.2
4.4
2.0000000000000004
9.799999999999978
10.399999999999977
18.3
21.00000000000002
11.999999999999975
25.00000000000008
2.300000000000001
6.699999999999992
0.30000000000000004
1.6000000000000003
8.999999999999986
5.5999999999999925
13.499999999999964
59.40000000000063
16.499999999999964
12.499999999999968
1.6000000000000003
0
2.600000000000002
27.000000000000124
4.999999999999995
6.199999999999994
9.199999999999985
2.400000000000001
19.1
15.499999999999957
9.199999999999983
3.600000000000002
0.7999999999999999
10.899999999999975
19.099999999999998
2.1000000000000005
19.2
5.299999999999997
8.099999999999984
2.9000000000000012
21.500000000000046
4.100000000000001
11.099999999999973
8.299999999999986
19.200000000000017
3.1000000000000014
0.5
34.20000000000024
3.4000000000000017
8.799999999999981
7.899999999999984
0.9999999999999999
10.09999999999998
9.99999999999998
5.099999999999998
11.79999999999997
7.2999999999999865
0.7
7.899999999999989
7.39999999999999
6.8999999999999915
12.39999999999997
6.499999999999993
6.499999999999994
13.899999999999967
0.7999999999999998
0.4
11.699999999999974
14.199999999999964
3.700000000000002
8.499999999999988
5.4999999999999964
24.800000000000086
39.20000000000031
8.399999999999986
12.899999999999968
4.699999999999999
5.999999999999991
5.099999999999998
3.800000000000002
7.399999999999991
3.2000000000000015
40.30000000000033
8.199999999999987
14.299999999999962
18.59999999999999
12.39999999999997
37.4000000000003
3.4000000000000017
2.1000000000000005
24.60000000000009
0.6
2.9000000000000012
8.099999999999987
1.6000000000000003
12.399999999999972
14.79999999999996
4.200000000000001
8.699999999999987
3.1000000000000023
10.399999999999975
23.80000000000008
14.199999999999962
3.800000000000002
11.999999999999973
1.9000000000000006
25.90000000000011
2.2000000000000006
0.6
10.699999999999974
0
5.099999999999994
14.199999999999962
1.0999999999999999
2.700000000000001
2.800000000000001
9.599999999999984
24.20000000000007
11.399999999999975
0.6
29.800000000000168
4.699999999999999
42.10000000000034
31.100000000000183
2.1000000000000014
21.400000000000038
13.29999999999997
3.1000000000000014
7.699999999999989
0.8999999999999998
6.8999999999999915
2.1000000000000005
22.900000000000055
25.000000000000085
19.3
9.399999999999979
7.9999999999999885
45.60000000000041
29.50000000000016
23.800000000000086
17.599999999999977
7.899999999999988
2.600000000000001
7.59999999999999
5.299999999999994
15.999999999999956
6.199999999999993
16.19999999999996
20.00000000000001
9.29999999999998
12.599999999999971
3.800000000000003
0.8999999999999999
9.399999999999979
11.79999999999997
65.80000000000058
2.700000000000001
1.2
4.899999999999999
5.899999999999996
8.099999999999984
4.000000000000002
4.999999999999998
5.099999999999998
36.80000000000028
0
3.400000000000002
36.500000000000256
14.099999999999966
21.600000000000055
7.39999999999999
0.7
12.099999999999973
10.299999999999976
5.999999999999995
10.69999999999998
6.29999999999999
5.399999999999997
14.89999999999996
1.7000000000000004
1.3
13.199999999999966
0.7999999999999999
4.6000000000000005
7.19999999999999
2.700000000000002
13.799999999999963
0.4
8.299999999999983
20.70000000000002
3.2000000000000015
26.400000000000116
13.899999999999967
3.2000000000000015
2.700000000000001
5.999999999999995
37.60000000000028
2.700000000000001
20.400000000000016
10.799999999999974
0
0.5
22.000000000000053
28.500000000000146
1.6000000000000003
3.600000000000002
12.599999999999968
0.4
49.00000000000046
6.5999999999999925
7.899999999999988
2.700000000000001
13.099999999999971
11.699999999999973
14.69999999999996
3.3000000000000016
1.2
51.10000000000048
4.300000000000002
17.299999999999976
4.100000000000001
20.500000000000018
2.800000000000002
0.1
13.399999999999968
4.200000000000001
33.600000000000215
3.600000000000002
9.89999999999998
4.200000000000001
6.29999999999999
4.499999999999998
11.69999999999997
9.299999999999983
4.699999999999999
0.2
4.500000000000001
34.50000000000023
18.900000000000013
33.80000000000022
6.29999999999999
1.0999999999999999
9.499999999999982
74.00000000000004
31.400000000000187
4.200000000000001
0.1
12.69999999999997
3.1000000000000023
1.8000000000000005
16.699999999999967
2.1000000000000005
5.1999999999999975
16.39999999999996
4.5
5.299999999999998
33.90000000000022
3.7
5.1999999999999975
28.00000000000014
47.00000000000042
85.89999999999931
5.4999999999999964
9.099999999999984
32.60000000000022
23.000000000000053
14.299999999999962
6.2999999999999945
57.60000000000057
2.2000000000000006
2.3000000000000007
23.800000000000065
8.299999999999988
4.799999999999999
1.2
26.900000000000126
9.29999999999998
9.99999999999998
4.100000000000001
9.399999999999984
21.000000000000025
17.599999999999977
9.499999999999984
16.49999999999996
45.4000000000004
18.099999999999984
7.499999999999987
13.199999999999966
18.199999999999985
4.200000000000001
36.00000000000025
5.999999999999993
15.89999999999996
4.699999999999999
3.700000000000002
3.600000000000002
1.8000000000000005
5.999999999999996
7.29999999999999
21.100000000000026
19.900000000000013
7.59999999999999
13.199999999999969
10.999999999999977
2.3000000000000007
11.199999999999978
4.999999999999998
26.600000000000122
5.999999999999995
65.80000000000051
21.000000000000025
15.999999999999956
26.300000000000114
14.499999999999961
53.800000000000516
5.4999999999999964
4.000000000000002
1.6000000000000003
3.2000000000000015
0.9999999999999999
13.29999999999997
0.30000000000000004
15.399999999999958
0.1
70.80000000000028
35.20000000000024
66.70000000000053
3.5000000000000013
12.69999999999997
12.099999999999975
3.0000000000000013
6.499999999999993
5.399999999999997
4.4
25.40000000000011
15.099999999999959
7.699999999999989
4.000000000000002
4.000000000000002
0
21.40000000000005
13.899999999999967
18.9
13.599999999999968
12.79999999999997
9.599999999999978
43.90000000000036
0.30000000000000004
54.10000000000053
1.7000000000000004
20.00000000000001
11.299999999999972
29.700000000000163
2.800000000000001
54.30000000000052
30.30000000000017
56.70000000000056
10.199999999999976
13.499999999999964
3.2000000000000015
2.9000000000000012
14.89999999999996
48.800000000000445
1.6000000000000003
14.899999999999963
1.0999999999999999
2.600000000000001
16.19999999999997
1.8000000000000005
46.2000000000004
21.000000000000046
4.6
24.500000000000075
1.4000000000000001
15.999999999999956
9.799999999999978
56.10000000000056
20.900000000000023
49.70000000000046
6.399999999999993
14.099999999999962
1.6000000000000003
3.800000000000002
8.799999999999981
17.19999999999997
18.0
0
0.9999999999999999
30.000000000000167
56.20000000000057
8.699999999999985
4.999999999999999
18.499999999999993
0.7
0.7999999999999999
33.40000000000021
11.899999999999974
6.199999999999991
8.599999999999985
0.7999999999999999
16.199999999999957
11.199999999999973
1.7000000000000004
22.900000000000052
4.899999999999995
2.0000000000000004
27.900000000000123
11.399999999999972
32.00000000000019
26.200000000000117
9.399999999999983
13.799999999999967
25.800000000000107
17.199999999999974
45.80000000000041
9.899999999999977
13.899999999999967
20.400000000000023
0.2
69.90000000000029
2.800000000000001
24.80000000000008
0.7
40.80000000000034
0.7
27.300000000000132
9.799999999999978
18.19999999999999
40.00000000000033
1.0999999999999999
35.20000000000024
15.599999999999964
10.09999999999998
33.40000000000021
10.599999999999978
4.7
22.70000000000005
17.499999999999975
61.10000000000062
27.30000000000013
22.200000000000045
23.000000000000053
21.100000000000026
6.199999999999994
14.799999999999963
8.299999999999986
3.700000000000002
19.3
7.9999999999999885
9.599999999999982
75.9
7.099999999999987
26.10000000000011
19.3
8.699999999999985
14.499999999999964
4.299999999999999
0
17.199999999999974
21.30000000000003
22.900000000000052
18.699999999999992
6.5999999999999925
25.300000000000104
2.800000000000001
24.100000000000083
4.100000000000001
31.90000000000018
2.0000000000000013
9.399999999999983
0.7999999999999999
16.39999999999996
7.19999999999999
19.800000000000026
4.6
2.600000000000001
9.099999999999984
18.200000000000003
7.799999999999988
3.800000000000002
6.199999999999994
35.10000000000024
5.399999999999997
30.300000000000175
1.3
7.7999999999999865
4.6
20.900000000000023
3.700000000000002
24.900000000000095
10.399999999999979
5.699999999999992
2.800000000000001
33.700000000000216
3.700000000000002
3.900000000000002
1.2
51.600000000000485
10.29999999999998
12.499999999999972
9.699999999999978
8.199999999999987
17.299999999999972
13.399999999999965
34.10000000000022
3.3000000000000016
16.999999999999968
36.500000000000256
0
11.99999999999997
1.2
0.7999999999999999
8.999999999999984
9.899999999999977
31.300000000000185
52.2000000000005
23.200000000000077
24.50000000000009
25.800000000000093
34.10000000000023
61.00000000000062
34.90000000000024
1.8000000000000005
10.299999999999981
14.79999999999996
10.699999999999978
5.099999999999996
3.900000000000002
49.70000000000044
20.600000000000026
11.199999999999976
11.499999999999972
55.900000000000546
29.20000000000014
11.199999999999978
27.200000000000127
1.7000000000000004
5.4999999999999964
89.69999999999908
1.6000000000000003
13.499999999999964
17.19999999999997
5.899999999999995
4.4
46.20000000000041
8.199999999999987
19.80000000000003
16.29999999999996
3.4000000000000026
5.399999999999997
15.699999999999957
13.399999999999968
38.40000000000029
5.399999999999998
7.099999999999991
5.399999999999997
3.1000000000000023
73.90000000000012
7.099999999999991
12.69999999999997
17.899999999999984
48.60000000000045
0.7
38.60000000000029
5.899999999999996
43.900000000000375
13.799999999999967
21.600000000000037
10.999999999999979
0.30000000000000004
22.900000000000052
9.09999999999998
4.6
8.699999999999985
0.6000000000000001
11.799999999999974
7.599999999999989
96.6999999999987
3.800000000000002
35.100000000000236
4.899999999999999
21.200000000000028
29.500000000000167
5.599999999999996
51.50000000000048
54.70000000000053
27.300000000000114
8.299999999999986
1.7000000000000004
2.1000000000000005
10.599999999999978
5.999999999999995
68.4000000000004
0.30000000000000004
6.199999999999995
3.3000000000000016
1.8000000000000005
3.1000000000000014
37.60000000000027
4.200000000000001
4.300000000000002
0.30000000000000004
6.8999999999999915
30.000000000000167
23.400000000000063
7.799999999999988
6.099999999999995
2.800000000000001
0.7999999999999999
10.599999999999978
21.30000000000005
13.899999999999967
5.899999999999994
52.0000000000005
28.30000000000015
6.999999999999991
24.900000000000095
3.600000000000002
12.79999999999997
8.499999999999986
4.000000000000002
24.80000000000008
2.6000000000000014
4.300000000000001
26.3000000000001
2.1000000000000005
15.099999999999964
5.599999999999996
21.800000000000054
45.2000000000004
0.4
7.599999999999989
0.4999999999999999
37.00000000000027
29.500000000000163
50.900000000000475
15.799999999999956
8.999999999999984
41.20000000000032
49.40000000000046
49.90000000000046
7.099999999999991
25.00000000000008
5.899999999999996
5.599999999999996
17.699999999999978
28.80000000000015
39.300000000000296
16.099999999999955
16.699999999999964
28.90000000000015
37.70000000000027
6.099999999999994
64.60000000000065
6.099999999999994
9.499999999999979
19.3
38.500000000000284
3.900000000000002
49.80000000000046
16.19999999999996
20.70000000000004
21.100000000000044
21.800000000000036
32.1000000000002
28.90000000000015
12.69999999999997
2.9000000000000012
6.699999999999992
39.4000000000003
113.59999999999768
49.30000000000046
2.3000000000000016
4.999999999999998
2.3000000000000007
2.600000000000001
85.59999999999933
4.4
5.4999999999999964
5.699999999999992
16.29999999999996
1.4000000000000008
14.899999999999963
6.299999999999992
10.999999999999977
7.799999999999985
3.600000000000002
7.599999999999989
27.200000000000113
0.1
24.400000000000073
-2.7755575615628914e-17
29.800000000000168
28.10000000000014
30.40000000000016
0.4
21.30000000000005
6.199999999999994
4.100000000000001
8.299999999999983
20.20000000000003
4.300000000000001
1.9000000000000006
3.4000000000000017
9.899999999999977
1.0999999999999999
91.89999999999895
3.5000000000000018
51.000000000000476
46.700000000000415
25.200000000000085
24.900000000000095
2.9000000000000012
34.70000000000023
6.799999999999992
1.0999999999999999
1.5000000000000002
10.199999999999976
1.8000000000000005
33.40000000000021
6.199999999999994
70.5000000000003
26.700000000000106
0.7
9.299999999999985
24.70000000000009
2.1000000000000005
10.399999999999979
6.399999999999993
11.499999999999975
43.80000000000036
0.1
20.90000000000004
100.89999999999847
6.499999999999993
