-0.10000000000000037
0.9999999999999999
-0.10000000000000003
0.1
0.1999999999999997
0.09999999999999987
0.30000000000000004
0.4
1.2
0.6000000000000008
0.4
-0.20000000000000004
0.5
0.7
0.19999999999999987
0.2
0
1.0999999999999999
0.19999999999999973
0.5
1.3000000000000005
0.7
0.2999999999999999
0.6
-0.30000000000000004
0.4
2.3000000000000025
1.7000000000000004
-2.7755575615628914e-17
-0.5
0.2
-0.10000000000000003
0.8999999999999998
-0.6000000000000001
0.9000000000000022
0.9000000000000005
-0.10000000000000006
0.9000000000000001
-0.4
0.30000000000000004
-0.5
0.2999999999999999
0.1999999999999999
0.2999999999999998
0.2
0.1
0.6
0.0999999999999999
1.1000000000000003
0.4
0.5
-0.7
0
1.6000000000000014
0.7000000000000002
0.5999999999999999
0.09999999999999998
0.29999999999999993
1.8000000000000005
1.7000000000000015
0.2
0.3999999999999999
-0.10000000000000003
1.300000000000001
0
-0.6
1.3
0.7999999999999999
-0.8
1.700000000000001
0.5
1.1000000000000005
-0.4
0.2
1.5000000000000009
3.000000000000004
0.1
-0.30000000000000004
0.0999999999999999
0.8999999999999999
0
0.8000000000000004
0.5
0.4
1.5000000000000009
0.9999999999999999
-0.30000000000000016
-0.4
1.5000000000000002
1.8000000000000005
0.6000000000000002
0.6
0
1.2
1.0999999999999999
0.2
0
0.4
0.7999999999999998
0.4
0.1
-0.8
1.6000000000000003
0.4999999999999998
1.0000000000000004
1.2
2.1000000000000005
-0.5000000000000001
0.7999999999999999
0.4
-0.5000000000000001
-0.10000000000000026
0.30000000000000004
1.4000000000000001
0.4
0.5
0.2
-0.4
0.7
0.5
1.5000000000000004
0.6
0.5
1.3
0
0.30000000000000004
0.3999999999999999
0.4999999999999999
0
0.3999999999999999
0.6
0.6999999999999998
1.9000000000000012
0
-2.7755575615628914e-17
0.7
-0.20000000000000004
2.300000000000004
0.5999999999999999
2.600000000000002
0.1
1.7000000000000008
-0.6000000000000001
0.8999999999999999
0.09999999999999998
0
0.3999999999999999
2.200000000000002
-0.5
0.4999999999999999
0.2
1.2
0.6
0.5
0.3999999999999999
-2.7755575615628914e-17
0.19999999999999987
-0.40000000000000024
0.30000000000000004
-0.30000000000000004
1.4000000000000008
-0.20000000000000026
0.7999999999999998
0.2
1.9000000000000006
0.2
0.7999999999999999
0.09999999999999987
-0.20000000000000015
0.30000000000000004
2.900000000000002
1.3
0.2
0.7
-0.10000000000000009
0.7
1.0999999999999999
1.5000000000000002
1.6000000000000003
0.6
1.0999999999999999
0.30000000000000004
-0.20000000000000004
0.8999999999999999
0.8999999999999998
0.6
0.5
0.09999999999999998
-0.6
-0.4
0.6
0.30000000000000004
0.30000000000000004
0.30000000000000004
-8.326672684688674e-17
-0.30000000000000004
1.0999999999999999
0.9999999999999999
0
1.2
2.0000000000000013
2.600000000000001
0.6
0.8000000000000002
0.30000000000000004
0.6
0.2
0.9999999999999999
2.2000000000000006
0.4999999999999999
0.9999999999999999
0.8999999999999999
-0.7000000000000001
4.899999999999995
0.2
0.30000000000000004
1.0999999999999999
-1.0
0.2
2.400000000000001
1.7000000000000004
-1
0.5
0.1
0.2
0.7
0.5000000000000002
0.7999999999999997
1.2
1.3
1.5000000000000002
-0.9
0.30000000000000004
0.5999999999999999
-0.20000000000000015
0
0.4
0.4
2.2000000000000006
0.2
0.6999999999999998
0.5
-0.1000000000000002
1.3000000000000003
0.2
0.5
0
0.1
2.2000000000000006
0.6
0.7
0.30000000000000004
0
1.8000000000000012
1.900000000000003
0.09999999999999987
1.2000000000000006
0.7
-0.8
0.2
0.4
3.4000000000000017
2.8000000000000016
-5.551115123125783e-17
0
0.30000000000000004
0.2
3.000000000000002
-0.30000000000000016
0.7
0.1
-0.7000000000000001
1.3
3.5000000000000018
0.6999999999999998
2.5000000000000018
0.8999999999999999
0.19999999999999998
2.600000000000002
0.5
0
0.7999999999999996
0
1.4000000000000001
0.8999999999999999
0
0.7999999999999999
1.0999999999999999
0.2
-0.10000000000000014
2.1000000000000005
0.5
1.8000000000000005
0.2
1.4000000000000001
-0.40000000000000024
1.4000000000000001
3.1000000000000023
2.700000000000002
0.6
0.5999999999999999
2.1000000000000005
0.4
3.3000000000000016
1.3000000000000007
0
1.4000000000000001
0.30000000000000004
1.0999999999999999
0.1
0.2
0.6
-0.30000000000000016
0.1
0.5999999999999999
0.1
0.30000000000000004
1.0999999999999999
0.3999999999999999
2.700000000000001
4.700000000000002
0.30000000000000004
0.7
-0.4
2.800000000000001
0.8999999999999999
0.1
3.4000000000000026
0.6
2.2000000000000006
0.7
0
0.3999999999999999
0.1
0.7999999999999999
0.30000000000000004
1.2
5.799999999999988
0.8999999999999999
3.5000000000000036
0.8999999999999999
1.6000000000000003
0.30000000000000004
1.3
0.9999999999999998
0
2.3000000000000007
0.19999999999999998
2.0000000000000013
4.500000000000001
-0.10000000000000009
2.1000000000000005
1.7000000000000004
3.700000000000003
0.6
0.1
2.2000000000000006
1.2
1.8000000000000012
0
2.600000000000001
0.3
3.1000000000000014
0.6
1.4000000000000001
1.2
0.7999999999999999
0.5
1.2
0.2
1.6000000000000003
0.4
1.2
0.5
0.2
1.0999999999999999
2.0000000000000004
0.7
1.8000000000000005
0.6
0.5
3.800000000000002
0.5999999999999999
0
0.4
0.7
0
1.6000000000000003
0.4999999999999999
1.2
1.2000000000000006
3.4000000000000017
0.9999999999999999
2.500000000000001
3.0000000000000013
0.9999999999999998
2.1000000000000005
-0.5
2.400000000000001
1.8000000000000005
0.3
1.7000000000000004
1.7000000000000004
0.5
0.7999999999999999
0.5
0.30000000000000004
2.400000000000001
1.0000000000000004
0.5
0.1
2.600000000000001
1.0999999999999999
0.1
0.4
0.7
2.0000000000000013
8.799999999999974
0.6
7.499999999999987
2.400000000000001
0.5999999999999999
3.2000000000000015
2.800000000000001
1.2
1.4000000000000001
1.7000000000000004
3.800000000000001
2.4000000000000017
0.5
4.599999999999996
0
2.4000000000000017
2.0000000000000004
1.3
1.7000000000000004
1.7000000000000004
0.09999999999999998
3.2000000000000015
0.19999999999999998
1.9000000000000006
3.800000000000003
1.3
0.6999999999999998
0.1
1.7000000000000004
0.4
0.30000000000000004
1.3
1.7000000000000004
0.7999999999999998
0.1
-0.20000000000000004
0.1
3.5000000000000018
3.900000000000002
2.800000000000002
0.30000000000000004
0.4
1.8000000000000012
5.399999999999994
0.9999999999999999
1.7000000000000004
3.600000000000002
0.1
0.5999999999999999
0.2
3.000000000000002
7.999999999999984
0.1
0.2
1.5000000000000002
-1.3877787807814457e-16
0.7999999999999999
4.6
1.7000000000000004
2.800000000000001
-0.4
0.1
4.400000000000001
2.600000000000001
0.30000000000000004
2.0000000000000004
0
0.4
2.800000000000001
-0.30000000000000016
1.6000000000000003
3.5000000000000018
9.799999999999974
2.9000000000000012
2.1000000000000005
0.7
3.0000000000000013
0.5
0.6
3.800000000000002
0.6
0
1.2
0
2.3000000000000007
7.999999999999984
0.9999999999999999
0.4999999999999999
0
-0.20000000000000015
0.4
2.3000000000000007
5.199999999999998
0.6
0.9999999999999999
0.8999999999999999
0.2
3.8000000000000003
3.700000000000002
1.9000000000000006
0.7
0
2.500000000000001
3.2000000000000024
3.2000000000000015
6.29999999999999
0
2.800000000000001
2.0000000000000004
0.29999999999999993
2.3000000000000007
7.799999999999986
1.4000000000000001
0.5
5.999999999999993
2.600000000000001
0.9999999999999998
1.2
7.899999999999989
0.7
1.6000000000000003
0.9000000000000004
5.899999999999995
1.3000000000000007
0.30000000000000004
0.2
4.000000000000002
-0.10000000000000014
4.599999999999998
5.899999999999993
2.800000000000001
4.4
0.5
5.399999999999997
1.4000000000000001
0.30000000000000004
3.7000000000000024
2.400000000000001
4.8999999999999995
3.3000000000000025
8.49999999999998
1.2
1.2
0.9999999999999999
0.1
0.1
0.9999999999999999
0.7
1.9000000000000006
5.599999999999997
4.8999999999999995
5.999999999999996
0.7999999999999998
2.500000000000001
5.099999999999999
2.500000000000001
3.000000000000002
2.400000000000001
1.2
2.400000000000001
0.1
3.1000000000000023
0.6
1.9000000000000012
6.699999999999992
0.9999999999999999
0.4
-0.10000000000000006
0.4
4.899999999999995
3.5999999999999996
0.6
2.2000000000000006
0.1
0.6
1.5000000000000002
0.30000000000000004
7.599999999999985
2.900000000000002
3.0000000000000013
4.100000000000001
0.3999999999999999
1.0999999999999999
2.0000000000000004
1.9000000000000015
0
0.7
3.0000000000000013
0.30000000000000004
-0.5000000000000001
4.300000000000001
1.700000000000001
1.8000000000000005
6.599999999999993
0.19999999999999993
0.7
0.2
1.4000000000000001
0
0.5
0.7
6.69999999999999
2.1000000000000014
3.600000000000002
1.2
-0.8
3.4000000000000026
3.0000000000000013
0.7999999999999999
1.6000000000000019
0
3.0000000000000013
4.8999999999999995
10.699999999999976
2.1000000000000014
0.3999999999999999
18.09999999999998
0.09999999999999987
0.2
1.5000000000000002
6.299999999999994
2.600000000000001
1.4000000000000001
0.1
6.499999999999993
-0.4
8.399999999999979
6.399999999999987
1.600000000000001
1.2
3.6
1.8000000000000005
4.8999999999999995
2.600000000000001
7.699999999999986
12.899999999999961
2.500000000000001
2.8000000000000016
4.7
3.1000000000000014
4.200000000000001
-0.5
5.199999999999995
0.19999999999999998
16.399999999999956
1.9000000000000006
0
1.4000000000000001
0.5
4.3
4.5
0.09999999999999998
5.399999999999998
2.900000000000002
3.600000000000002
3.600000000000002
1.1000000000000005
5.699999999999992
7.2999999999999865
1.8000000000000005
6.19999999999999
1.7000000000000004
4.200000000000001
6.099999999999992
2.3000000000000007
1.3000000000000007
6.799999999999988
2.600000000000002
0.30000000000000004
3.6000000000000028
6.099999999999995
0.8000000000000003
9.199999999999976
8.099999999999989
5.4999999999999964
12.399999999999965
7.49999999999999
2.400000000000001
1.9000000000000006
8.799999999999983
4.200000000000002
1.3
11.499999999999973
12.799999999999965
3.5000000000000018
0.2
-0.6000000000000001
8.199999999999983
4.100000000000001
1.0999999999999999
4.500000000000001
0.30000000000000004
1.9000000000000006
4.9999999999999964
4.9999999999999964
5.399999999999995
2.700000000000001
0.5999999999999999
2.700000000000001
3.2000000000000024
14.49999999999996
1.3
6.999999999999991
0.3
0
4.099999999999999
9.999999999999973
0.40000000000000013
0.4
5.1999999999999975
13.199999999999962
5.599999999999997
0.6
3.3000000000000025
9.19999999999998
4.799999999999998
2.400000000000001
0.4
3.900000000000003
11.099999999999975
10.599999999999973
4.300000000000001
0.2
1.6000000000000003
0.5
0.5
0.9999999999999999
4.7
1.0999999999999999
1.2
1.5000000000000002
0.30000000000000004
1.7000000000000004
1.9000000000000006
1.4000000000000008
18.699999999999996
8.999999999999982
10.69999999999997
0.6
0.7
1.0999999999999999
0.1
4.899999999999999
3.500000000000002
2.4000000000000017
0.2
2.800000000000001
1.2
3.900000000000003
1.0999999999999999
19.10000000000002
4.399999999999995
0.6
15.599999999999953
1.2
6.199999999999994
9.699999999999978
0.2
23.00000000000008
7.799999999999985
0.8999999999999999
0
2.6000000000000014
2.400000000000001
5.999999999999996
0.1
0.7
0.9
1.3
8.099999999999984
6.799999999999988
0.30000000000000004
3.2000000000000015
1.5000000000000002
1.0999999999999999
2.9000000000000012
0.4
2.700000000000001
6.099999999999995
-1
8.699999999999982
6.599999999999993
3.3000000000000016
-0.8
1.7000000000000004
0.30000000000000004
3.2000000000000015
0.9999999999999999
9.59999999999998
2.600000000000001
0.5000000000000002
10.599999999999971
1.8000000000000005
12.099999999999968
4.1999999999999975
7.699999999999985
1.5000000000000002
3.400000000000002
11.49999999999997
14.19999999999996
20.300000000000008
2.0000000000000004
15.89999999999995
8.099999999999989
10.499999999999972
9.199999999999985
4.200000000000001
2.3000000000000034
5.799999999999992
10.499999999999975
1.5000000000000002
3.4000000000000017
-2.7755575615628914e-17
0.7999999999999999
1.8000000000000005
2.5000000000000018
20.600000000000026
16.09999999999995
0.9999999999999999
7.199999999999987
-2.7755575615628914e-17
11.499999999999972
5.999999999999996
-0.10000000000000009
2.400000000000001
2.400000000000001
2.600000000000001
6.2999999999999945
12.499999999999966
0.5
2.500000000000001
0.6
4.6000000000000005
5.199999999999994
11.699999999999969
1.700000000000001
0
9.799999999999978
11.099999999999971
3.3000000000000016
1.7000000000000004
1.9000000000000006
2.900000000000002
0
3.900000000000002
6.699999999999993
13.299999999999962
9.099999999999985
5.099999999999996
0.7
16.29999999999996
2.600000000000001
7.1999999999999895
1.5000000000000009
9.799999999999978
16.99999999999996
1.0999999999999999
8.399999999999988
9.19999999999998
1.0999999999999999
4.1
1.6000000000000003
16.999999999999968
0.6
4.499999999999998
3.1000000000000014
6.2999999999999945
6.999999999999992
11.799999999999967
2.2000000000000015
5.799999999999988
6.799999999999993
0.4999999999999999
8.599999999999984
1.4000000000000001
6.999999999999991
19.399999999999995
6.49999999999999
3.4000000000000017
3.4000000000000026
5.699999999999997
2.800000000000001
5.999999999999996
6.599999999999993
0.2999999999999999
0.1
4.200000000000001
0.5
2.0000000000000004
5.099999999999999
2.400000000000001
4.200000000000002
0
1.7000000000000004
0.1
4.4
6.399999999999991
18.999999999999996
0
0.7999999999999999
2.2000000000000006
2.1000000000000005
1.8000000000000005
0.7
3.5000000000000018
1.4000000000000001
5.099999999999998
4.4
2.3000000000000007
1.4000000000000001
3.3000000000000016
12.39999999999997
23.200000000000074
10.499999999999977
2.9000000000000012
4.300000000000001
12.799999999999969
2.700000000000002
13.09999999999996
11.499999999999972
2.0000000000000004
3.900000000000002
6.999999999999988
9.499999999999975
3.900000000000002
0.6
1.5000000000000002
0.30000000000000004
5.399999999999997
10.999999999999973
2.5000000000000018
1.2
9.39999999999998
8.299999999999986
1.2
3.100000000000002
13.199999999999964
10.599999999999973
8.699999999999982
0.4
8.199999999999985
1.5000000000000002
10.799999999999976
0.1
13.399999999999967
-0.9
1.0999999999999999
2.600000000000001
12.999999999999964
0.8999999999999999
4.799999999999997
4.000000000000002
0.7999999999999999
2.400000000000001
1.5000000000000002
4.000000000000002
0.19999999999999987
6.29999999999999
1.0999999999999999
8.799999999999983
1.8000000000000005
7.199999999999991
6.2999999999999945
11.39999999999997
0
10.799999999999976
2.0000000000000004
13.499999999999961
4.300000000000002
0.5
0.4
18.800000000000008
2.9000000000000012
7.1999999999999895
29.200000000000166
-0.20000000000000007
5.699999999999992
4.000000000000002
4.300000000000001
8.99999999999998
7.299999999999991
3.800000000000003
4.100000000000001
4.300000000000001
0.30000000000000004
8.799999999999983
-5.551115123125783e-17
11.499999999999972
13.099999999999968
1.5000000000000002
14.799999999999958
1.6000000000000003
1.8000000000000005
3.5000000000000027
9.599999999999975
3.1000000000000014
35.60000000000027
0.7999999999999998
21.30000000000004
6.799999999999991
1.4000000000000001
8.599999999999984
1.2
2.800000000000001
10.799999999999974
0.1
1.7000000000000004
0.8999999999999999
5.199999999999996
5.199999999999998
0.7
2.500000000000001
1.9000000000000006
2.600000000000001
1.9000000000000006
-0.30000000000000004
15.59999999999995
7.199999999999989
7.099999999999992
13.099999999999968
5.199999999999994
12.599999999999968
0.6999999999999998
1.2
8.599999999999984
7.399999999999991
1.0
4.200000000000001
1.5000000000000002
7.199999999999989
0.4
6.799999999999989
6.099999999999994
3.900000000000002
3.5000000000000027
4.000000000000002
25.7000000000001
0.3999999999999999
7.6999999999999895
3.0000000000000013
16.099999999999962
3.5000000000000018
7.499999999999987
6.699999999999989
0.1
4.399999999999997
4.599999999999996
7.199999999999987
11.299999999999969
5.999999999999996
5.399999999999998
1.8000000000000005
0.8999999999999999
9.599999999999975
5.499999999999996
2.800000000000001
0.5
2.2000000000000015
4.100000000000001
6.39999999999999
1.3
0.4
9.899999999999979
2.300000000000001
1.7000000000000004
5.399999999999998
6.9999999999999885
2.3000000000000007
7.399999999999987
1.2
1.8000000000000005
6.699999999999989
9.69999999999998
7.599999999999985
7.599999999999985
3.000000000000002
13.599999999999964
4.200000000000001
3.4000000000000026
0.30000000000000004
2.700000000000002
5.799999999999992
5.699999999999996
5.499999999999993
3.4000000000000017
1.3
1.0999999999999999
0.4
1.4000000000000001
0.19999999999999993
4.5
2.700000000000002
5.499999999999996
3.1000000000000014
8.999999999999982
4.999999999999999
0.7
3.300000000000002
2.2000000000000006
8.199999999999985
7.699999999999985
19.099999999999994
15.299999999999956
5.699999999999997
8.699999999999987
4.199999999999998
0
4.300000000000001
3.4000000000000026
2.2000000000000006
1.8000000000000005
3.1000000000000014
1.5000000000000002
2.700000000000001
7.599999999999987
3.700000000000002
18.699999999999992
9.799999999999978
2.800000000000001
4.8
1.2
4.000000000000003
1.5000000000000002
0.30000000000000004
0.6
3.3000000000000016
4.6000000000000005
1.8000000000000005
31.800000000000207
8.099999999999985
1.8000000000000005
2.600000000000001
2.500000000000001
3.000000000000002
1.9000000000000006
2.2000000000000006
-1
15.89999999999995
1.6000000000000003
3.3000000000000007
30.600000000000183
12.19999999999997
-0.5000000000000001
3.9
4.599999999999996
0.7999999999999999
10.699999999999974
4.100000000000002
4.100000000000002
3.4000000000000017
5.299999999999998
5.099999999999998
4.099999999999998
2.700000000000001
3.0000000000000013
1.2
4.6
1.4000000000000001
25.000000000000103
5.799999999999992
1.4000000000000001
1.6000000000000003
0.2999999999999999
5.4999999999999964
0
7.099999999999987
2.4000000000000017
0.2
6.19999999999999
12.599999999999968
1.4000000000000004
5.4999999999999964
0.4
15.199999999999955
1.6000000000000003
2.2000000000000006
2.1000000000000005
8.199999999999987
6.299999999999994
1.2
1.2
2.400000000000001
9.39999999999998
5.699999999999997
3.1000000000000023
0.1
4.6000000000000005
1.9000000000000006
3.2000000000000024
13.499999999999964
11.299999999999969
10.699999999999973
2.3000000000000007
0.30000000000000004
4.300000000000001
17.89999999999998
4.200000000000002
4.200000000000002
3.4000000000000017
4.1999999999999975
0.4
18.199999999999978
9.199999999999982
2.600000000000002
3.0000000000000013
19.200000000000014
6.19999999999999
7.199999999999987
5.1999999999999975
0.4
3.1000000000000014
1.2000000000000008
13.99999999999996
12.09999999999997
35.50000000000027
3.0000000000000013
12.599999999999968
9.999999999999973
4.699999999999997
3.2000000000000015
6.899999999999989
12.799999999999963
5.4999999999999964
0
0.4
3.5000000000000018
2.900000000000002
6.799999999999991
1.5000000000000009
1.6000000000000003
3.9000000000000017
4.3
1.7000000000000004
4.199999999999998
1.3
0.8999999999999999
15.199999999999957
2.9000000000000012
5.099999999999998
10.399999999999977
3.0000000000000013
15.699999999999955
1.1000000000000003
7.2999999999999865
1.6000000000000003
4.000000000000002
0.7999999999999999
7.29999999999999
13.199999999999966
1.2
1.9000000000000006
5.799999999999996
18.099999999999984
9.79999999999998
2.2000000000000015
9.29999999999998
4.4999999999999964
1.4000000000000001
8.299999999999983
6.299999999999992
0.4
7.299999999999991
1.8000000000000005
0.7
2.900000000000002
3.4000000000000017
6.399999999999994
4.899999999999999
13.099999999999968
-0.10000000000000006
6.799999999999988
7.599999999999985
5.699999999999997
3.700000000000003
5.399999999999998
2.2000000000000015
12.899999999999967
2.500000000000001
1.7000000000000004
7.399999999999986
9.699999999999978
1.4000000000000001
3.6000000000000028
6.999999999999992
1.4000000000000001
0.5
5.799999999999992
4.899999999999995
4.200000000000001
0
5.599999999999997
6.899999999999992
1.0999999999999999
1.2
22.100000000000048
7.9999999999999885
4.999999999999998
17.699999999999974
10.99999999999997
2.500000000000001
4.300000000000002
2.4000000000000017
1.3
2.600000000000002
1.4000000000000001
12.899999999999967
12.099999999999966
15.999999999999952
1.7000000000000004
0.9999999999999999
4.6000000000000005
6.599999999999993
9.399999999999975
3.6000000000000028
4.999999999999998
3.2000000000000024
6.399999999999994
1.8000000000000005
4.200000000000002
3.700000000000003
2.700000000000001
8.799999999999981
6.999999999999992
0.4
0.2
17.499999999999986
5.099999999999994
8.89999999999998
4.399999999999999
0.5
23.100000000000065
14.799999999999956
1.4000000000000001
2.700000000000001
1.4000000000000006
6.799999999999988
2.0000000000000013
9.599999999999978
2.4000000000000012
4.899999999999999
3.800000000000003
25.600000000000104
0.3999999999999999
4.999999999999997
4.200000000000002
7.799999999999985
16.699999999999964
0.5
3.700000000000002
4.500000000000001
5.399999999999997
24.80000000000009
1.2
2.700000000000002
1.2
8.899999999999983
6.699999999999989
3.800000000000002
14.499999999999961
-0.10000000000000003
11.199999999999973
0
9.69999999999998
2.400000000000001
4.300000000000001
0.3999999999999999
8.099999999999987
8.99999999999998
0.1
1.9000000000000006
2.4000000000000017
1.4000000000000001
18.599999999999987
3.0000000000000013
1.2
4.100000000000001
0.8999999999999999
-0.6000000000000001
2.400000000000001
3.600000000000002
0.4
5.399999999999997
11.299999999999972
5.499999999999993
20.300000000000008
4.100000000000001
1.1000000000000005
2.500000000000001
2.600000000000001
2.9000000000000012
3.100000000000002
28.800000000000164
2.600000000000001
1.2000000000000008
1.9000000000000006
0.2
2.400000000000001
1.8000000000000012
2.1000000000000005
3.900000000000002
2.200000000000001
7.19999999999999
5.799999999999992
16.19999999999995
2.600000000000001
12.899999999999965
9.19999999999998
4.100000000000002
3.700000000000003
15.599999999999955
2.5000000000000018
6.199999999999994
6.899999999999992
9.39999999999998
3.400000000000002
1.4000000000000001
0.6
1.4000000000000001
1.7000000000000004
0.9999999999999999
22.500000000000057
0.9999999999999999
5.999999999999995
1.9000000000000006
1.9000000000000012
5.799999999999992
11.999999999999966
8.199999999999983
9.199999999999982
7.299999999999988
19.400000000000013
7.29999999999999
2.1000000000000014
0.4
1.6000000000000003
2.700000000000001
1.2000000000000004
8.699999999999982
2.1000000000000014
5.4999999999999964
0.7999999999999999
4.899999999999999
12.099999999999968
5.299999999999998
1.0999999999999999
2.1000000000000014
8.099999999999989
6.8999999999999915
0.4
6.19999999999999
9.799999999999978
6.799999999999993
7.299999999999991
7.29999999999999
7.899999999999984
9.09999999999998
2.700000000000002
6.699999999999989
4.5
2.0000000000000004
5.999999999999996
1.2
0.7
1.0999999999999999
0.30000000000000004
1.2
2.2000000000000006
2.700000000000001
2.800000000000001
12.699999999999967
0.2
17.099999999999987
0.30000000000000004
4.399999999999997
3.0000000000000013
9.699999999999978
9.699999999999978
1.3
11.699999999999973
2.2000000000000006
0.8999999999999999
6.099999999999994
-0.5
4.699999999999999
14.099999999999964
13.499999999999963
6.999999999999992
1.9000000000000006
0.1
17.799999999999976
1.8000000000000005
12.099999999999966
4.799999999999999
4.999999999999999
30.4000000000002
8.99999999999998
8.199999999999989
6.799999999999988
6.499999999999989
2.800000000000001
2.100000000000001
9.599999999999977
4.999999999999998
9.09999999999998
4.100000000000001
15.199999999999955
0.9999999999999998
2.2000000000000006
9.099999999999982
14.299999999999958
0.7
8.699999999999985
9.599999999999978
9.399999999999984
0.1
13.499999999999964
1.0999999999999999
11.799999999999967
0.6
4.4
5.899999999999995
9.19999999999998
9.399999999999979
10.499999999999973
4.100000000000001
2.900000000000002
1.4000000000000001
2.600000000000001
2.900000000000002
3.3000000000000016
6.399999999999993
5.199999999999998
4.500000000000001
5.5999999999999925
0.5
6.699999999999991
12.19999999999997
0.6
2.500000000000001
6.099999999999995
9.899999999999983
2.0000000000000004
6.299999999999994
1.5000000000000002
0.4
9.499999999999984
0.09999999999999987
4.799999999999999
0.4
1.3
4.100000000000001
1.0999999999999999
3.900000000000002
11.299999999999974
6.199999999999994
9.399999999999979
6.299999999999994
0.4
2.500000000000001
14.399999999999961
4.200000000000002
0.30000000000000004
4.699999999999996
9.399999999999979
7.6999999999999895
1.5000000000000002
2.2000000000000006
4.500000000000001
4.000000000000002
10.299999999999978
16.999999999999964
5.099999999999999
5.099999999999997
2.700000000000001
13.999999999999964
2.0000000000000013
4.799999999999999
4.200000000000002
16.299999999999955
15.799999999999953
6.299999999999992
5.999999999999991
11.099999999999975
13.199999999999966
4.300000000000001
1.6000000000000003
10.699999999999974
5.699999999999997
2.0000000000000004
-0.4
7.999999999999988
3.2000000000000015
0
20.80000000000004
12.699999999999969
13.799999999999965
4.8999999999999995
0.7
2.800000000000001
7.799999999999988
6.499999999999993
1.4000000000000001
0.8999999999999999
16.59999999999996
3.600000000000002
18.399999999999984
7.099999999999992
3.0000000000000013
2.400000000000002
0
5.399999999999997
-0.7000000000000001
1.9000000000000006
2.1000000000000005
4.000000000000002
6.099999999999991
1.2
1.5000000000000002
0.4
3.1000000000000014
8.499999999999984
12.499999999999968
2.600000000000001
24.200000000000095
1.8000000000000005
0.2
6.099999999999994
3.600000000000002
4.699999999999999
1.5000000000000002
0.1
0
1.3
17.39999999999997
11.299999999999974
1.8000000000000005
18.600000000000005
1.8000000000000005
1.0999999999999999
5.699999999999997
4.000000000000003
3.1000000000000014
5.699999999999992
1.9000000000000006
6.599999999999989
2.1000000000000005
0.30000000000000004
8.599999999999987
1.8000000000000005
21.50000000000003
2.600000000000001
4.899999999999998
9.29999999999998
7.499999999999986
10.299999999999976
1.7000000000000004
1.6000000000000003
11.599999999999971
17.19999999999997
2.0000000000000013
9.29999999999998
3.700000000000003
24.80000000000009
9.799999999999978
3.900000000000003
15.899999999999952
0
2.2000000000000006
2.0000000000000013
3.5000000000000018
1.7000000000000004
12.899999999999968
4.8
9.899999999999979
5.999999999999995
4.6
10.299999999999976
0.7999999999999999
6.199999999999987
1.4000000000000001
2.700000000000001
7.399999999999991
13.599999999999966
4.299999999999997
0.7
14.59999999999996
1.2
0.9999999999999999
1.3
0.9999999999999999
8.799999999999981
8.299999999999983
3.2000000000000015
2.2000000000000006
5.099999999999998
3.2000000000000015
1.8000000000000005
7.9999999999999885
8.599999999999987
16.299999999999955
1.3
0
3.3000000000000016
0.1
1.9000000000000006
2.9000000000000012
17.899999999999984
33.90000000000023
8.699999999999987
4.100000000000002
5.199999999999994
4.5
1.4000000000000001
4.000000000000002
4.299999999999997
12.499999999999968
2.800000000000001
-0.20000000000000004
8.799999999999981
12.499999999999968
5.399999999999998
11.199999999999973
1.4000000000000001
2.700000000000001
3.9999999999999996
12.199999999999969
5.199999999999998
7.899999999999984
1.8000000000000005
2.3000000000000007
22.60000000000006
1.9000000000000006
0.2
3.900000000000002
0.1
3.5000000000000027
11.69999999999997
0.8999999999999999
6.099999999999995
10.099999999999982
-0.20000000000000004
6.299999999999994
4.6000000000000005
2.500000000000001
8.499999999999988
1.0999999999999999
11.599999999999973
0.6
2.2000000000000006
1.600000000000001
13.999999999999963
4.500000000000001
8.799999999999985
1.7000000000000004
0.2
3.4000000000000017
2.3000000000000007
3.1000000000000014
19.299999999999997
2.800000000000002
14.79999999999996
2.500000000000001
9.899999999999977
1.2
10.099999999999982
2.900000000000002
0
1.7000000000000004
11.299999999999972
12.199999999999969
2.1000000000000005
0.4
0.09999999999999987
5.899999999999995
27.900000000000148
5.499999999999993
5.799999999999995
0.7999999999999998
5.699999999999996
14.999999999999961
16.099999999999955
12.899999999999967
2.500000000000001
0.8999999999999999
4.100000000000001
7.799999999999989
7.59999999999999
14.799999999999962
10.199999999999978
0.2
7.399999999999986
14.899999999999956
10.799999999999978
0.29999999999999993
0.2
5.799999999999995
4.6
0.2
13.299999999999967
3.800000000000002
4.6
4.0
12.499999999999968
12.999999999999968
2.400000000000001
17.399999999999977
2.3000000000000007
13.79999999999996
6.199999999999994
8.09999999999998
3.600000000000002
13.199999999999964
4.799999999999999
4.400000000000001
10.299999999999978
2.3000000000000007
4.899999999999999
16.599999999999966
16.59999999999997
2.2000000000000006
20.500000000000014
7.899999999999988
0.4
1.0999999999999999
3.1000000000000014
0
2.700000000000001
8.699999999999987
6.5999999999999925
9.899999999999977
5.099999999999994
11.099999999999973
11.999999999999968
28.700000000000166
0.9999999999999999
3.5000000000000018
3.2000000000000024
14.599999999999957
11.99999999999997
11.89999999999997
0.4999999999999999
14.499999999999961
8.399999999999988
3.700000000000003
1.8000000000000005
4.999999999999998
2.800000000000001
5.699999999999992
1.4000000000000001
18.09999999999998
5.299999999999998
17.39999999999997
10.19999999999998
11.699999999999973
1.2
5.1999999999999975
4.5
22.700000000000045
-0.9
6.299999999999994
28.400000000000162
0.6
0.30000000000000004
13.199999999999966
0.7
6.099999999999994
1.5000000000000009
25.800000000000104
10.699999999999978
7.699999999999989
17.49999999999997
27.900000000000134
10.39999999999998
14.499999999999963
4.899999999999996
4.300000000000001
4.000000000000003
11.099999999999973
1.2
2.100000000000001
3.5000000000000018
7.6999999999999895
2.2000000000000015
5.699999999999992
1.8000000000000005
10.199999999999976
10.099999999999978
