7.199999999999988
-0.9
4.8999999999999995
1.8000000000000005
5.299999999999997
3.800000000000002
3.5000000000000036
10.999999999999963
7.999999999999983
0.8999999999999999
8.099999999999985
0.7999999999999999
0.2
8.499999999999984
4.200000000000002
6.399999999999987
0.30000000000000004
1.8000000000000005
0.8999999999999999
6.799999999999993
3.0000000000000013
2.5000000000000018
0.4
-0.9
4.000000000000002
4.000000000000003
0.1
3.9000000000000026
5.699999999999992
4.399999999999998
3.4000000000000017
0.4
7.3999999999999835
8.899999999999983
-0.4
1.2
4.799999999999994
1.3
0.30000000000000004
0.5
1.6000000000000003
0
2.600000000000001
0.5
0.19999999999999998
1.5000000000000009
2.2000000000000015
4.000000000000002
1.2
3.000000000000002
2.500000000000001
0.6000000000000001
2.1000000000000014
0.30000000000000004
0.4
1.6000000000000003
0.7
1.7000000000000004
1.4000000000000008
3.6000000000000028
1.3
1.5000000000000009
2.1000000000000023
1.7000000000000004
3.8000000000000025
2.3000000000000007
0.2999999999999999
2.3000000000000007
4.799999999999996
4.999999999999998
1.9000000000000012
6.899999999999988
13.899999999999944
0.2
1.7000000000000004
3.4000000000000017
4.199999999999999
1.2
0.7
0.9000000000000004
3.600000000000002
0.8999999999999998
1.600000000000001
5.799999999999994
0.7
1.0999999999999999
0
0
1.0999999999999999
4.8999999999999995
3.8
1.4000000000000001
0.7
0.19999999999999998
1.6000000000000019
4.499999999999997
3.8999999999999995
2.0000000000000004
0.8999999999999999
0.5
1.200000000000002
1.3
9.79999999999997
3.000000000000002
1.800000000000002
2.700000000000002
2.0000000000000004
3.800000000000003
0.9000000000000005
1.6000000000000003
-0.20000000000000007
8.199999999999985
2.800000000000002
5.099999999999998
1.2
1.400000000000001
0.7999999999999999
6.599999999999986
0.8999999999999999
0.2
1.4000000000000001
0.7
1.7000000000000004
1.400000000000001
2.0000000000000004
2.1000000000000005
2.6000000000000036
1.3000000000000007
2.2000000000000024
3.100000000000003
8.399999999999984
0.1
5.699999999999998
0.7999999999999999
4.300000000000003
0.2
-2.7755575615628914e-17
2.8000000000000016
2.3000000000000007
0.5000000000000001
1.2
0.5
1.5000000000000002
2.500000000000001
2.1000000000000014
0
0.30000000000000004
2.600000000000002
1.0999999999999999
3.5000000000000036
0.4
0.4
0.6
1.6000000000000003
-1.942890293094024e-16
0.2
0.5
0.5999999999999999
2.3000000000000016
1.8000000000000012
0.6999999999999998
0.6
0.30000000000000004
1.9000000000000021
4.700000000000002
3.000000000000002
1.4
6.6999999999999895
2.800000000000003
2.700000000000004
1.600000000000001
0
0.5
0.5
2.1000000000000005
2.800000000000001
0.1
1.4000000000000001
0.5
4.199999999999999
6.699999999999992
0.5
2.5000000000000027
3.700000000000003
2.800000000000002
1.6000000000000003
2.1000000000000014
5.99999999999999
2.600000000000003
-0.20000000000000004
4.5
1.5000000000000009
0.8999999999999999
4.400000000000002
0.7000000000000003
0.7999999999999999
3.700000000000003
2.2000000000000024
0.1
2.7000000000000015
0.8999999999999999
0.7999999999999999
0.5999999999999999
0
2.0000000000000013
1.4000000000000012
8.399999999999983
-0.9
0.4
4.79999999999999
0.1
0.6
5.799999999999991
0.4
1.2
1.8000000000000005
0.3999999999999999
0.2
0.7999999999999999
0.7
-0.30000000000000016
2.7000000000000024
0.1
0.30000000000000004
1.5000000000000002
0.9999999999999999
2.3000000000000007
3.2000000000000033
0.2
2.2000000000000006
0.7
0.7999999999999999
-0.10000000000000014
2.5000000000000018
1.2
1.4000000000000001
0.4
0.4
2.2000000000000006
1.4000000000000001
1.6000000000000003
0.5999999999999999
1.3
-0.10000000000000003
1.4
0.8999999999999999
1.7000000000000004
-0.10000000000000026
0.8999999999999998
1.3
0.9999999999999999
1.3
1.5000000000000009
0
-2.7755575615628914e-17
1.0999999999999999
0.5999999999999999
1.0999999999999999
-0.10000000000000003
2.7000000000000015
-0.8
0.4
0.5
0.09999999999999998
0.5
-0.20000000000000015
3.400000000000001
4.000000000000003
1.9000000000000021
0.1
3.200000000000005
2.900000000000003
0.6
0.6
2.800000000000003
4.6
-0.10000000000000026
1.1
-8.326672684688674e-17
1.0999999999999999
0.4
0.9999999999999999
0.30000000000000004
0.0999999999999999
3.800000000000002
2.7000000000000015
0.9999999999999999
0
1.3
2.1000000000000014
1.2
0
0.7
2.900000000000002
6.499999999999991
0.29999999999999993
0
-2.7755575615628914e-17
3.3000000000000034
0.7999999999999999
0.2999999999999999
0.4
1.4000000000000001
0.8999999999999999
0.1
0.4
0.6999999999999998
0
0.6000000000000001
0.19999999999999998
3.700000000000003
0.2
1.5000000000000002
0.19999999999999987
4.500000000000001
0.7999999999999999
0.30000000000000004
0.6
1.3
0.2999999999999998
1.5000000000000007
1.0999999999999999
1.6000000000000019
0.7999999999999999
0.7
-0.8
1.2000000000000004
1.9000000000000006
1.9000000000000017
-0.8
1.4000000000000001
1.0999999999999999
0.7999999999999998
-2.7755575615628914e-17
0.19999999999999982
1.5000000000000002
3.800000000000005
1.300000000000001
0.30000000000000004
0
0.2
2.0000000000000013
2.2000000000000006
0.29999999999999993
0
0.19999999999999993
6.299999999999984
-0.30000000000000016
0.1999999999999999
0.2
0.4
1.4
0.6000000000000001
0.2999999999999998
1.0999999999999999
-0.20000000000000015
0.19999999999999998
0.1
1.7000000000000004
0.40000000000000024
2.1000000000000023
-0.8
3.400000000000003
0.49999999999999967
0.4
0.7
1.0999999999999999
-1.3877787807814457e-16
0.30000000000000004
-0.30000000000000016
1.2000000000000004
0.9999999999999999
0.7000000000000002
0.9999999999999999
2.4000000000000017
-0.30000000000000016
0.2
-0.20000000000000004
1.0999999999999999
1.6000000000000003
2.1000000000000023
0.19999999999999998
0.1
0.5999999999999999
-0.40000000000000013
0
0.8999999999999999
0.7
0.19999999999999998
6.0999999999999925
0.9000000000000004
0.7
0.7999999999999997
0.19999999999999987
1.0000000000000002
0.19999999999999998
1.800000000000001
0.30000000000000004
0
0.30000000000000004
0.7
1.9000000000000006
0.2
-0.5000000000000002
0.1
0.5
1.3000000000000003
0.2
-2.7755575615628914e-17
-0.30000000000000004
1.8000000000000012
1.2
1.300000000000001
0.5
-0.9
3.3000000000000025
1.2
1.7000000000000004
0.19999999999999976
-0.6
2.200000000000002
0.19999999999999998
-0.5
1.0999999999999999
1.6000000000000028
1.9000000000000008
-0.7
0.5000000000000002
0.3999999999999999
0.9999999999999996
3.4000000000000026
3.1000000000000014
1.4000000000000044
0.2
2.0000000000000013
1.4000000000000001
1.4000000000000001
0.09999999999999992
1.3
1.3000000000000016
0.30000000000000004
-2.7755575615628914e-17
1.7000000000000004
0.8999999999999999
0.1
0.8999999999999999
0.5
-0.20000000000000026
1.6000000000000003
1.1
2.0000000000000004
-0.30000000000000016
0.8999999999999998
0.9999999999999999
4.999999999999992
0.6
1.0999999999999999
0.6999999999999998
1.4000000000000001
0.7999999999999999
1.4000000000000008
2.8000000000000016
0.9000000000000004
0.6
4.499999999999997
0.30000000000000004
0.2
0.4
1.8000000000000005
1.2
1.7000000000000004
0.1
1.6000000000000003
0.3
0
0
0.7999999999999998
0.19999999999999998
1.4000000000000001
0.7000000000000003
2.5000000000000018
-0.5000000000000001
0.7
4.000000000000001
0.3999999999999999
1.6000000000000008
2.0000000000000004
1.1000000000000003
0.2
2.800000000000001
-2.7755575615628914e-17
0.1
0.1
0
3.900000000000002
-0.10000000000000009
1.8000000000000005
-0.8
1.2
1.3
0.5999999999999999
5.699999999999989
0.6
1.9000000000000006
0.30000000000000004
0.5
6.199999999999994
0.1
3.8
1.2
2.000000000000002
0.3
-0.4
0.7999999999999999
0.7
0.30000000000000004
1.2
0.4
1.8000000000000005
0.7
1.2
0.5
2.7000000000000037
4.799999999999999
1.8000000000000005
2.0000000000000004
1.7000000000000004
0.8999999999999998
6.29999999999999
0.5
5.099999999999999
4.100000000000001
0.4999999999999999
0.7999999999999998
0.9000000000000002
1.5000000000000007
1.4000000000000001
4.8999999999999995
0.9999999999999999
2.9000000000000012
0.3
0.5
0.7999999999999999
0.7999999999999999
0.7999999999999999
0
1.8000000000000005
2.3000000000000016
0.4
0.8999999999999999
-0.6
3.1000000000000023
0.1
3.0000000000000013
8.699999999999983
1.6000000000000003
7.2999999999999865
-0.10000000000000014
-1.3877787807814457e-16
0.8999999999999999
1.4000000000000001
0.2
0.6
2.0000000000000013
0.6
-0.9
0.7
3.0000000000000018
0
0.4
-1.3877787807814457e-16
2.700000000000001
0.8999999999999999
4.6999999999999975
-1.1102230246251565e-16
0.7999999999999999
0.9999999999999998
1.0000000000000002
3.2000000000000024
0.8999999999999999
0.1
-2.7755575615628914e-17
3.2000000000000015
0.5
1.8000000000000005
1.700000000000001
0
1.8000000000000012
3.0000000000000018
0.4
4.8999999999999995
0.2
0.6
3.900000000000003
1.8000000000000005
0.8999999999999999
1.0999999999999999
3.5000000000000027
2.2000000000000006
0.1
1.6000000000000003
3.700000000000002
0.7999999999999998
0.2
1.7000000000000004
0.6
1.0999999999999999
7.099999999999992
0.4999999999999999
1.7000000000000004
1.0999999999999999
1.0999999999999999
0.9999999999999999
0
2.6000000000000014
0.2
0.5
0.8999999999999999
1.2
0
0.30000000000000004
1.0999999999999999
-0.6000000000000001
0
2.400000000000001
-0.20000000000000015
1.8000000000000005
0.1
0.2
0.7
0.5
2.400000000000001
1.8000000000000012
2.5000000000000018
0.30000000000000004
0.7999999999999999
1.0000000000000002
0.7
0.7
3.5000000000000018
0.7
0.2
0.8999999999999999
3.900000000000002
0.4
1.7000000000000004
0
8.399999999999986
1.5000000000000002
2.600000000000001
1.3
2.900000000000002
1.7000000000000004
-0.30000000000000016
-0.4
2.0000000000000004
0.5
0.7999999999999999
1.5000000000000002
0.5
0.6999999999999998
4.100000000000001
0.9999999999999999
1.2
1.6000000000000003
0.30000000000000004
4.000000000000002
3.200000000000003
1.4000000000000001
0.7999999999999999
0.4
4.799999999999999
0.6
4.6
1.8000000000000005
0.1
0
0.5
0.1
0.8999999999999998
0.30000000000000004
2.900000000000002
1.4000000000000001
6.799999999999992
0.30000000000000004
7.49999999999999
2.500000000000001
1.6000000000000003
0
0.2
0.1
0.6
1.0999999999999999
6.8999999999999915
0.7999999999999999
3.2000000000000024
6.199999999999994
1.6000000000000003
0.8999999999999999
0.8999999999999999
1.2
1.7000000000000004
1.4000000000000001
4.3999999999999995
3.3000000000000016
0.9000000000000005
1.4000000000000001
0
1.3
0
1.0999999999999999
2.800000000000001
0.09999999999999992
1.3
6.899999999999992
3.5000000000000027
0.5
1.8000000000000005
0
2.1000000000000005
2.000000000000001
4.400000000000001
3.1000000000000014
0.9999999999999999
2.3000000000000007
3.800000000000002
6.8999999999999915
1.0999999999999999
4.100000000000001
0.8999999999999999
1.4000000000000008
0.4
4.699999999999999
2.600000000000001
3.8999999999999995
0.9999999999999999
0.9999999999999999
0.4
0.30000000000000004
3.800000000000002
9.79999999999998
0.8999999999999999
12.599999999999971
2.2000000000000006
0.1
2.700000000000001
3.0000000000000013
0.7
3.2000000000000015
4.4
0.4
1.3
1.4000000000000001
0.8999999999999999
6.499999999999993
0.1
0.2
0.9999999999999999
8.799999999999983
0.8999999999999999
7.299999999999987
5.999999999999995
-0.5000000000000001
1.7000000000000004
2.500000000000001
2.3000000000000007
0.7999999999999999
1.9000000000000006
4.200000000000001
4.999999999999998
2.3000000000000007
0.8999999999999999
2.3000000000000007
0.7
-0.4
0.1
0.30000000000000004
3.3000000000000016
1.6000000000000003
1.8000000000000005
0
0.2
5.999999999999996
4.699999999999999
1.2
11.199999999999974
1.2
0.9999999999999998
3.800000000000002
4.300000000000002
7.19999999999999
4.7
0.30000000000000004
0.2
0.30000000000000004
2.500000000000001
0.1
9.099999999999984
3.700000000000002
-0.40000000000000013
0.7
0.7000000000000002
0.4
0.7999999999999999
1.4000000000000001
8.599999999999982
3.2000000000000015
1.6000000000000003
3.0000000000000013
4.699999999999999
3.4000000000000017
1.5000000000000002
6.299999999999994
3.5000000000000018
0.5
0.1
0
1.0999999999999999
4.200000000000001
14.299999999999962
8.199999999999987
6.199999999999994
0.30000000000000004
9.199999999999983
2.500000000000001
0.9999999999999999
4.899999999999999
4.4
1.3
7.29999999999999
0.4999999999999999
11.199999999999973
2.500000000000001
4.799999999999999
0.6
1.4000000000000001
2.400000000000001
2.9000000000000012
23.900000000000084
2.500000000000001
1.5000000000000002
3.5000000000000018
2.400000000000001
4.699999999999999
4.300000000000001
0.6
0.30000000000000004
1.2
1.0999999999999999
5.699999999999996
4.999999999999998
-0.10000000000000014
11.199999999999976
2.600000000000001
2.0000000000000004
2.800000000000001
8.199999999999987
7.29999999999999
6.999999999999991
10.099999999999978
4.999999999999998
5.799999999999992
1.0999999999999999
0.8999999999999999
3.900000000000002
0.5
4.4
1.8000000000000005
4.899999999999999
17.79999999999998
3.4000000000000017
2.400000000000001
1.2
2.600000000000001
1.2
8.999999999999986
7.499999999999986
4.6
5.599999999999997
17.699999999999978
15.699999999999955
2.500000000000001
7.29999999999999
9.899999999999977
1.5000000000000002
5.199999999999998
23.40000000000007
4.899999999999999
0.5
21.300000000000033
3.700000000000003
14.399999999999958
1.7000000000000004
8.599999999999985
0.2
-0.4
34.00000000000022
35.60000000000024
0.9999999999999999
-0.4
0.2
14.69999999999996
19.30000000000001
6.599999999999989
42.40000000000036
40.40000000000031
3.5000000000000027
11.99999999999997
5.799999999999995
0.5
10.699999999999974
17.099999999999987
3.700000000000002
9.299999999999981
14.999999999999961
36.60000000000027
15.299999999999958
2.1000000000000005
4.200000000000001
44.600000000000385
11.499999999999972
43.40000000000037
7.39999999999999
10.199999999999982
17.899999999999984
8.799999999999985
23.800000000000065
4.399999999999999
18.699999999999992
69.80000000000035
9.99999999999998
10.599999999999978
20.700000000000042
8.599999999999985
12.299999999999969
21.000000000000032
13.899999999999967
2.2000000000000006
6.399999999999993
0.4
28.700000000000163
13.999999999999963
7.099999999999987
45.10000000000039
28.20000000000014
39.80000000000031
21.200000000000035
16.099999999999955
17.599999999999977
0.9999999999999999
5.099999999999997
6.099999999999994
2.3000000000000007
0.9999999999999999
27.50000000000013
10.899999999999977
10.599999999999975
17.599999999999977
12.699999999999967
8.199999999999987
6.799999999999992
11.499999999999977
10.999999999999973
3.700000000000002
3.900000000000002
5.399999999999997
25.700000000000095
9.299999999999983
21.400000000000034
11.199999999999973
18.60000000000001
0.30000000000000004
59.000000000000604
23.30000000000007
4.799999999999999
11.69999999999997
21.700000000000035
52.00000000000049
25.200000000000085
2.500000000000001
16.49999999999996
4.699999999999996
39.00000000000031
9.699999999999982
7.899999999999989
12.299999999999969
16.999999999999968
76.29999999999991
2.9000000000000012
4.5
4.899999999999999
7.699999999999987
29.200000000000156
26.800000000000107
47.90000000000044
13.499999999999964
2.1000000000000005
15.699999999999957
11.199999999999976
4.100000000000001
10.19999999999998
6.999999999999988
44.500000000000384
5.299999999999997
6.8999999999999915
5.099999999999998
3.900000000000002
11.099999999999978
8.699999999999987
8.399999999999986
20.90000000000004
63.00000000000066
13.799999999999967
17.299999999999976
1.6000000000000008
10.699999999999978
12.599999999999968
5.899999999999995
4.799999999999999
7.299999999999991
23.000000000000053
3.600000000000002
17.89999999999998
0.2
3.900000000000003
5.699999999999996
10.799999999999974
0.1
46.50000000000042
14.399999999999958
18.200000000000003
10.79999999999997
20.800000000000054
10.29999999999998
26.000000000000117
14.399999999999958
9.099999999999984
1.4000000000000001
8.199999999999987
0.30000000000000004
15.599999999999962
30.10000000000017
3.2000000000000015
0
32.8000000000002
85.79999999999937
43.30000000000037
17.29999999999999
18.29999999999999
8.599999999999985
4.4
4.8999999999999995
12.699999999999967
21.200000000000028
8.999999999999984
15.79999999999996
0.6
44.400000000000404
32.90000000000021
1.2
5.299999999999997
15.099999999999959
64.20000000000064
25.000000000000092
0.6
68.10000000000043
27.30000000000013
2.9000000000000012
50.80000000000047
1.9000000000000006
8.799999999999981
0.7
4.6
5.399999999999997
24.20000000000009
5.599999999999996
0.30000000000000004
64.00000000000067
15.999999999999956
15.699999999999957
21.100000000000026
2.800000000000001
14.499999999999961
8.099999999999984
15.89999999999996
8.099999999999989
21.100000000000026
21.600000000000033
0.5
66.00000000000057
4.100000000000001
22.40000000000005
2.3000000000000007
30.600000000000176
9.099999999999984
20.90000000000004
17.09999999999997
31.100000000000176
19.900000000000013
39.500000000000306
82.59999999999957
26.600000000000108
6.19999999999999
13.399999999999965
16.999999999999968
10.699999999999974
30.900000000000183
21.500000000000046
7.799999999999988
14.499999999999961
25.3000000000001
28.600000000000133
26.000000000000096
5.699999999999996
1.9000000000000006
29.60000000000017
15.29999999999996
9.699999999999982
24.00000000000008
3.800000000000002
8.599999999999985
7.899999999999989
4.4
62.20000000000065
0.4
37.100000000000264
16.29999999999996
15.299999999999962
12.399999999999972
42.90000000000036
5.099999999999998
-0.6000000000000001
54.00000000000052
15.599999999999957
3.900000000000002
2.500000000000001
33.600000000000215
14.69999999999996
52.6000000000005
15.89999999999996
16.699999999999964
0.2
6.8999999999999915
7.599999999999985
23.70000000000008
11.99999999999997
0.30000000000000004
18.39999999999999
23.40000000000007
13.699999999999964
27.30000000000013
11.199999999999973
27.200000000000127
35.90000000000025
68.40000000000035
5.999999999999995
49.600000000000456
13.899999999999968
1.6000000000000003
53.40000000000052
7.999999999999988
4.999999999999998
5.699999999999992
33.600000000000236
13.999999999999963
26.3000000000001
39.6000000000003
4.100000000000002
6.699999999999992
6.099999999999994
13.699999999999964
3.900000000000002
5.699999999999996
27.400000000000116
6.499999999999994
17.09999999999997
16.39999999999996
1.9000000000000006
25.4000000000001
6.999999999999991
30.300000000000175
3.800000000000002
30.90000000000018
27.80000000000014
10.999999999999977
31.900000000000194
23.600000000000083
5.099999999999998
2.400000000000001
11.299999999999972
17.999999999999982
5.999999999999996
23.600000000000062
24.40000000000009
26.00000000000011
21.800000000000036
53.70000000000053
8.299999999999986
3.700000000000002
32.200000000000195
39.50000000000031
6.8999999999999915
10.799999999999974
53.000000000000504
50.200000000000486
25.3000000000001
1.5000000000000002
49.000000000000455
35.60000000000025
-0.10000000000000003
15.799999999999956
1.5000000000000002
12.499999999999968
3.4000000000000017
3.1000000000000014
14.499999999999961
5.699999999999996
18.49999999999999
7.699999999999985
8.99999999999998
6.099999999999994
8.399999999999986
3.1000000000000014
9.89999999999998
13.199999999999966
3.3000000000000025
24.500000000000075
1.5000000000000002
8.599999999999985
5.199999999999998
18.399999999999988
8.999999999999982
18.199999999999985
5.599999999999996
0.9999999999999999
3.200000000000002
2.700000000000001
1.8000000000000005
4.699999999999999
1.2
10.799999999999974
1.3
4.6
3.0000000000000013
25.90000000000011
15.699999999999957
5.8999999999999915
32.200000000000216
2.2000000000000006
3.0000000000000013
0.8999999999999999
3.0000000000000013
4.200000000000001
6.499999999999993
1.2
13.59999999999997
51.500000000000504
10.999999999999977
4.899999999999999
4.699999999999999
22.10000000000006
34.500000000000234
0.4
8.99999999999998
1.3
4.6
3.1000000000000014
64.30000000000067
5.399999999999997
43.60000000000037
1.9000000000000012
3.3000000000000016
24.600000000000076
1.5000000000000004
2.1000000000000005
3.3000000000000016
3.800000000000002
13.399999999999965
5.4999999999999964
2.700000000000001
42.700000000000344
8.899999999999986
32.90000000000021
6.39999999999999
9.799999999999981
1.3
3.4000000000000017
28.600000000000147
6.2999999999999945
29.20000000000014
1.3
12.399999999999974
4.000000000000002
13.499999999999964
2.9000000000000012
4.100000000000002
6.699999999999992
13.39999999999997
14.59999999999996
16.899999999999984
18.799999999999994
3.3000000000000016
2.1000000000000005
64.60000000000063
32.80000000000021
32.50000000000021
25.800000000000107
0.7
0.5
17.8
11.499999999999975
4.500000000000002
20.300000000000015
13.29999999999997
18.600000000000012
19.000000000000018
4.300000000000001
4.5
21.700000000000056
7.39999999999999
7.999999999999984
34.100000000000236
2.700000000000001
4.000000000000002
7.799999999999981
11.699999999999974
48.30000000000045
2.0000000000000004
3.1000000000000014
6.799999999999992
13.999999999999968
3.3000000000000016
8.899999999999984
4.7
2.800000000000001
10.299999999999976
6.199999999999994
60.50000000000063
4.300000000000001
29.000000000000167
19.2
3.600000000000002
2.1000000000000014
12.399999999999968
10.199999999999976
19.3
5.499999999999997
9.29999999999998
7.999999999999988
44.100000000000385
3.5000000000000018
1.2
14.299999999999962
11.69999999999997
2.700000000000001
2.1000000000000005
13.799999999999963
14.89999999999996
2.600000000000001
0.9999999999999999
0.7999999999999999
17.199999999999974
1.7000000000000004
12.999999999999972
9.09999999999998
7.799999999999988
12.499999999999973
17.799999999999997
0.7
5.999999999999995
3.800000000000003
2.800000000000001
3.4000000000000026
10.699999999999974
4.000000000000003
2.800000000000001
6.5999999999999925
1.3
10.099999999999982
13.099999999999966
5.699999999999997
0.30000000000000004
19.400000000000016
0.30000000000000004
21.900000000000034
4.4
4.200000000000001
0.30000000000000004
1.3
9.499999999999982
4.4
37.600000000000286
11.599999999999971
20.40000000000002
14.299999999999962
12.899999999999968
1.3
8.199999999999983
26.400000000000116
19.900000000000023
4.999999999999998
3.700000000000002
3.800000000000002
14.099999999999964
8.89999999999998
1.3
10.799999999999974
5.4999999999999964
54.800000000000566
2.9000000000000012
2.800000000000001
0.8999999999999999
12.799999999999969
11.69999999999997
17.29999999999998
14.99999999999996
10.599999999999975
5.799999999999995
0.5
27.90000000000015
3.0000000000000013
5.1999999999999975
18.499999999999993
0.8999999999999999
11.399999999999972
4.100000000000001
20.600000000000033
11.69999999999997
80.29999999999964
20.30000000000003
0.8999999999999999
0.6
2.1000000000000005
2.0000000000000004
26.600000000000115
8.799999999999981
5.899999999999995
22.10000000000006
16.999999999999964
5.899999999999995
32.7000000000002
3.700000000000002
16.999999999999964
3.0000000000000013
23.00000000000007
4.300000000000001
4.5
21.20000000000003
1.2
28.100000000000144
37.50000000000029
4.699999999999998
3.800000000000002
15.699999999999957
8.799999999999986
4.200000000000001
7.29999999999999
9.399999999999979
1.5000000000000002
29.900000000000166
4.000000000000002
12.699999999999967
0.1
1.5000000000000002
10.399999999999975
0.9999999999999999
0.9999999999999999
8.199999999999983
2.2000000000000006
30.300000000000168
4.000000000000002
5.299999999999996
10.499999999999975
14.299999999999962
9.799999999999978
31.70000000000019
3.600000000000002
24.50000000000007
11.699999999999976
2.4000000000000017
3.800000000000002
4.100000000000001
3.0000000000000013
4.699999999999999
21.90000000000004
5.5999999999999925
0.2
0.7
20.70000000000002
0.7
5.699999999999996
1.7000000000000004
46.70000000000043
5.299999999999997
1.4000000000000001
3.1000000000000014
18.19999999999999
10.499999999999975
26.100000000000115
15.499999999999957
27.900000000000137
12.299999999999969
21.500000000000032
0.5999999999999999
16.599999999999962
2.1000000000000005
3.0000000000000013
1.700000000000001
15.199999999999958
1.7000000000000004
32.300000000000196
31.300000000000193
5.899999999999995
9.699999999999982
15.699999999999962
32.0000000000002
25.300000000000086
15.699999999999962
3.0000000000000013
15.89999999999996
26.500000000000103
18.59999999999999
5.399999999999997
12.999999999999966
2.3000000000000007
9.699999999999982
13.299999999999965
2.3000000000000007
4.000000000000002
4.099999999999998
32.400000000000205
4.699999999999999
24.400000000000087
4.300000000000001
10.899999999999977
35.10000000000025
6.299999999999994
15.299999999999962
20.100000000000012
7.49999999999999
21.100000000000026
15.999999999999956
9.99999999999998
18.100000000000005
8.999999999999984
5.799999999999995
5.4999999999999964
3.900000000000002
2.500000000000001
7.899999999999984
4.999999999999998
52.9000000000005
1.4000000000000001
7.899999999999989
9.399999999999983
8.399999999999988
12.299999999999972
8.899999999999984
27.500000000000117
5.1999999999999975
0.30000000000000004
0.1
16.999999999999968
14.99999999999996
24.000000000000068
7.099999999999992
29.900000000000166
4.200000000000001
2.9000000000000012
9.899999999999977
8.199999999999987
21.20000000000005
3.900000000000002
9.999999999999977
51.30000000000048
14.299999999999962
2.600000000000001
8.699999999999985
2.9000000000000012
14.599999999999964
10.199999999999976
3.6000000000000005
7.499999999999989
0
50.900000000000475
3.1000000000000023
28.600000000000147
6.499999999999993
7.999999999999988
20.50000000000002
7.39999999999999
35.50000000000025
46.800000000000416
5.899999999999995
18.399999999999988
6.39999999999999
6.099999999999994
7.29999999999999
0.5
0.7999999999999999
4.799999999999999
1.6000000000000003
10.099999999999977
6.799999999999992
2.500000000000001
7.399999999999986
13.699999999999964
13.899999999999967
18.09999999999999
1.7000000000000004
6.299999999999994
6.19999999999999
20.400000000000034
28.600000000000133
9.799999999999983
4.100000000000001
5.999999999999995
7.799999999999988
0.7999999999999999
0.5
10.399999999999975
18.49999999999999
23.90000000000008
2.400000000000001
41.60000000000035
10.999999999999977
35.900000000000254
2.1000000000000005
0.7000000000000002
38.000000000000284
35.20000000000024
5.099999999999998
5.199999999999994
15.399999999999961
12.69999999999997
49.30000000000045
1.3
8.799999999999985
14.199999999999966
17.79999999999998
13.999999999999963
1.5000000000000002
4.100000000000001
0.4
2.0000000000000004
19.100000000000005
3.1000000000000023
24.900000000000098
11.299999999999976
1.6000000000000003
4.6
0.1
8.699999999999985
12.099999999999975
14.89999999999996
32.20000000000018
6.999999999999991
27.900000000000123
19.100000000000005
1.7000000000000004
16.399999999999967
42.10000000000036
28.100000000000144
12.399999999999968
12.399999999999972
12.599999999999973
8.99999999999998
1.3
43.70000000000038
9.699999999999982
1.8000000000000012
15.799999999999956
15.999999999999968
8.599999999999985
1.6000000000000003
0.8999999999999999
11.499999999999972
36.500000000000256
9.89999999999998
19.900000000000016
7.59999999999999
29.70000000000015
47.40000000000043
2.9000000000000012
4.000000000000002
8.299999999999983
2.600000000000001
37.200000000000266
9.799999999999981
19.40000000000001
19.20000000000002
1.0999999999999999
49.700000000000465
5.1999999999999975
1.2
2.3000000000000007
0.6
12.199999999999973
11.199999999999978
18.49999999999999
0.7999999999999999
13.199999999999966
29.20000000000014
13.799999999999963
2.9000000000000012
61.00000000000062
31.20000000000019
11.099999999999973
118.29999999999742
2.800000000000001
61.10000000000062
4.300000000000001
6.699999999999992
11.89999999999997
12.599999999999971
4.799999999999999
23.800000000000086
0.7999999999999999
12.199999999999973
21.600000000000055
1.5000000000000002
53.50000000000052
39.2000000000003
2.700000000000001
16.29999999999996
8.799999999999985
0.9999999999999999
5.999999999999995
22.500000000000068
33.200000000000216
13.499999999999968
2.500000000000001
1.5000000000000002
4.4
3.700000000000002
10.599999999999978
13.199999999999966
29.800000000000164
13.999999999999966
28.000000000000142
1.6000000000000003
9.19999999999998
25.200000000000085
0.8999999999999999
3.800000000000002
0.5
48.60000000000045
56.80000000000056
31.100000000000183
3.700000000000002
15.199999999999958
4.100000000000001
1.3
22.500000000000046
0.7999999999999999
19.100000000000005
48.20000000000044
22.400000000000045
36.70000000000026
8.599999999999982
11.899999999999974
19.700000000000006
2.9000000000000012
10.899999999999979
37.00000000000026
68.30000000000035
22.600000000000048
17.89999999999998
1.8000000000000005
2.1000000000000005
12.09999999999997
17.699999999999978
25.400000000000095
26.700000000000106
25.700000000000113
37.40000000000027
27.60000000000012
2.500000000000001
0.7999999999999999
3.000000000000002
6.5999999999999925
22.80000000000005
42.90000000000035
7.099999999999992
11.099999999999977
1.4000000000000001
17.099999999999973
12.799999999999972
16.39999999999996
8.999999999999984
17.59999999999998
13.699999999999969
4.899999999999999
4.8
1.5000000000000002
4.200000000000001
3.600000000000002
34.300000000000225
7.499999999999989
9.599999999999984
4.5
3.2000000000000015
8.299999999999988
30.700000000000163
14.299999999999967
47.80000000000043
8.299999999999986
6.699999999999989
6.199999999999994
0.6
28.800000000000136
6.699999999999992
3.600000000000002
112.29999999999774
29.50000000000016
31.30000000000019
1.7000000000000004
50.30000000000047
32.8000000000002
33.700000000000216
16.09999999999996
2.4000000000000012
12.89999999999997
31.30000000000019
43.900000000000375
4.799999999999999
3.1000000000000014
35.000000000000234
31.200000000000184
35.30000000000024
8.699999999999985
24.60000000000009
5.599999999999996
9.89999999999998
15.799999999999962
5.799999999999992
23.900000000000084
43.00000000000035
29.500000000000167
34.80000000000023
9.899999999999977
6.799999999999992
5.699999999999996
5.399999999999998
1.3
30.10000000000017
10.899999999999977
18.59999999999999
28.300000000000143
13.499999999999964
4.4
11.79999999999997
49.500000000000455
0.4
13.899999999999967
16.699999999999964
0.2
16.899999999999967
5.899999999999993
25.200000000000102
22.300000000000043
3.2000000000000015
1.4000000000000001
5.699999999999996
31.200000000000188
45.90000000000041
49.40000000000046
0.8999999999999999
6.499999999999993
3.5000000000000018
13.699999999999964
39.10000000000029
9.499999999999979
6.199999999999994
31.30000000000019
18.899999999999995
16.499999999999968
14.899999999999963
18.49999999999999
10.399999999999979
2.300000000000001
75.60000000000001
3.5000000000000018
23.700000000000063
5.299999999999998
10.799999999999978
42.10000000000036
10.399999999999979
9.09999999999998
11.499999999999975
64.0000000000007
6.099999999999994
0.8999999999999999
4.6000000000000005
6.099999999999994
11.099999999999973
7.899999999999988
8.899999999999986
16.599999999999962
20.900000000000027
12.99999999999997
52.70000000000052
10.799999999999978
12.399999999999972
5.899999999999996
26.300000000000114
61.60000000000064
16.899999999999967
11.399999999999975
9.299999999999983
48.100000000000435
12.799999999999972
2.800000000000001
29.50000000000016
1.700000000000001
32.500000000000206
9.699999999999983
2.600000000000001
8.099999999999984
10.699999999999978
4.999999999999998
8.999999999999984
15.69999999999996
19.500000000000004
17.09999999999997
1.5000000000000002
62.40000000000064
10.299999999999981
5.799999999999995
59.40000000000061
3.4000000000000017
13.299999999999965
3.900000000000002
3.900000000000002
4.5
1.3000000000000007
17.499999999999982
12.599999999999971
49.900000000000475
5.899999999999995
7.899999999999984
36.60000000000026
21.600000000000033
2.700000000000001
8.999999999999986
3.2000000000000015
12.499999999999968
8.199999999999987
12.599999999999968
7.699999999999989
24.900000000000098
17.09999999999997
0.9999999999999999
6.799999999999992
21.200000000000042
15.499999999999957
14.199999999999962
14.89999999999996
22.800000000000068
21.200000000000028
23.40000000000008
12.199999999999973
2.100000000000001
15.099999999999959
3.700000000000002
2.600000000000001
17.999999999999982
1.9000000000000006
20.800000000000022
1.0999999999999999
37.30000000000027
3.8999999999999995
13.599999999999968
10.999999999999977
1.6000000000000003
3.2000000000000015
24.80000000000008
27.800000000000125
28.30000000000013
0.7999999999999998
5.899999999999995
2.600000000000001
3.700000000000002
6.699999999999992
26.3000000000001
4.999999999999998
25.800000000000125
46.4000000000004
46.60000000000042
12.999999999999966
31.700000000000205
9.199999999999983
23.20000000000006
9.299999999999983
10.499999999999975
32.10000000000019
18.89999999999999
5.699999999999996
20.000000000000018
16.899999999999974
21.10000000000003
11.799999999999976
12.399999999999968
49.70000000000046
13.699999999999967
4.799999999999995
20.400000000000034
4.5
1.2
0.6
0
9.599999999999978
15.699999999999953
14.399999999999961
3.1000000000000014
0.7
1.4000000000000001
19.70000000000002
12.299999999999972
22.60000000000007
26.700000000000124
7.599999999999989
10.099999999999982
3.3000000000000016
8.599999999999984
1.4000000000000001
7.29999999999999
9.599999999999978
2.700000000000001
4.200000000000001
22.20000000000004
1.4000000000000006
8.899999999999984
26.000000000000096
21.500000000000053
13.299999999999969
4.599999999999996
24.500000000000092
0.7999999999999999
0.7999999999999999
0.7
13.799999999999963
37.70000000000029
20.100000000000012
37.00000000000026
59.9000000000006
0.5
19.700000000000014
0.7999999999999999
20.300000000000033
8.299999999999986
1.2
28.00000000000014
5.799999999999995
82.59999999999954
6.299999999999988
55.60000000000056
12.199999999999974
4.5
31.100000000000218
8.799999999999985
0.6
10.799999999999974
1.4000000000000008
33.00000000000021
6.899999999999988
49.500000000000455
4.899999999999999
10.199999999999976
4.300000000000001
2.500000000000001
12.599999999999968
22.70000000000005
25.300000000000086
16.799999999999972
0
5.099999999999999
26.90000000000011
38.700000000000294
11.099999999999977
27.600000000000136
2.800000000000001
17.499999999999975
4.000000000000002
6.5999999999999925
6.899999999999988
8.299999999999986
9.99999999999998
25.900000000000112
33.600000000000215
16.599999999999966
1.9000000000000006
42.70000000000038
9.89999999999998
0.30000000000000004
5.999999999999996
0
27.00000000000011
43.50000000000039
6.199999999999994
4.100000000000001
6.699999999999989
10.799999999999978
4.999999999999998
23.50000000000008
0.2
25.300000000000086
5.099999999999999
27.500000000000117
50.300000000000466
8.599999999999982
29.100000000000154
4.300000000000001
14.799999999999962
50.10000000000046
4.5
26.70000000000012
5.4999999999999964
2.500000000000001
3.2000000000000015
13.699999999999964
3.1000000000000014
3.600000000000002
11.79999999999997
3.800000000000002
76.99999999999993
3.700000000000002
8.299999999999986
51.30000000000048
11.299999999999972
17.699999999999978
24.600000000000076
1.5000000000000002
18.199999999999992
17.699999999999985
4.200000000000001
43.20000000000037
14.399999999999961
1.9000000000000006
36.90000000000026
63.10000000000065
4.7
5.1999999999999975
10.599999999999975
1.6000000000000003
22.700000000000067
0.2
2.9000000000000012
25.400000000000087
13.899999999999968
2.2000000000000006
13.29999999999997
2.0000000000000004
2.9000000000000012
21.200000000000035
8.999999999999984
6.099999999999994
5.899999999999996
0
19.10000000000001
6.199999999999994
10.999999999999973
14.399999999999961
2.9000000000000012
1.4000000000000001
0.30000000000000004
0.6
1.8000000000000005
0
32.90000000000021
7.29999999999999
54.400000000000524
76.2999999999999
20.300000000000015
14.699999999999962
5.699999999999996
5.499999999999997
6.699999999999992
42.20000000000034
4.100000000000002
22.500000000000046
11.499999999999975
14.599999999999964
2.600000000000002
58.70000000000061
14.399999999999961
12.299999999999969
21.500000000000032
14.099999999999968
2.700000000000001
0.1
11.099999999999978
19.2
64.40000000000065
21.500000000000032
3.800000000000002
0.2
24.70000000000009
6.8999999999999915
41.70000000000035
0.2
4.000000000000002
4.799999999999999
4.999999999999999
24.700000000000077
12.499999999999968
17.19999999999997
9.89999999999998
21.20000000000005
2.0000000000000004
8.199999999999987
40.50000000000033
8.399999999999986
9.29999999999998
57.00000000000056
52.00000000000051
37.100000000000264
0
3.600000000000002
11.699999999999974
11.399999999999977
25.3000000000001
0.2
6.299999999999994
0.30000000000000004
18.299999999999986
2.2000000000000006
6.599999999999989
14.699999999999964
9.899999999999983
0.4
5.299999999999995
13.299999999999969
5.899999999999996
20.800000000000022
23.30000000000006
6.499999999999989
5.799999999999995
3.2000000000000015
14.899999999999961
3.4000000000000017
57.40000000000058
7.099999999999992
4.4
52.00000000000049
6.499999999999994
13.799999999999963
34.300000000000225
2.9000000000000012
13.899999999999963
31.00000000000018
11.499999999999975
2.400000000000001
2.800000000000001
17.19999999999997
57.60000000000057
6.8999999999999915
2.700000000000001
74.00000000000004
2.800000000000001
0.9999999999999999
1.6000000000000003
19.500000000000004
15.699999999999962
14.59999999999996
20.500000000000036
36.80000000000026
17.599999999999977
3.5000000000000018
7.399999999999991
13.599999999999964
10.699999999999978
7.299999999999991
11.099999999999977
3.5000000000000027
1.7000000000000004
10.29999999999998
21.40000000000003
0.4999999999999999
34.70000000000024
38.80000000000031
12.399999999999968
5.999999999999995
23.500000000000075
19.2
33.90000000000022
7.199999999999987
16.199999999999957
46.100000000000406
4.999999999999998
24.50000000000009
0.7999999999999999
48.60000000000044
56.20000000000055
9.099999999999984
6.399999999999993
36.600000000000264
51.00000000000048
0.30000000000000004
2.0000000000000004
3.700000000000002
19.400000000000002
25.3000000000001
1.6000000000000003
4.799999999999999
3.600000000000002
0.7999999999999999
11.599999999999975
37.800000000000296
5.599999999999996
23.000000000000068
10.399999999999979
21.10000000000003
16.999999999999968
7.39999999999999
2.700000000000001
10.999999999999973
2.1000000000000005
35.100000000000236
5.999999999999996
64.90000000000062
0.5
2.500000000000001
14.299999999999962
6.099999999999994
50.100000000000485
27.800000000000136
29.100000000000154
11.89999999999997
28.700000000000134
2.000000000000001
13.899999999999967
14.399999999999965
5.099999999999994
6.399999999999993
19.600000000000005
9.89999999999998
1.1000000000000008
45.500000000000405
27.700000000000134
0.9999999999999999
18.399999999999988
0.4
8.399999999999986
42.40000000000034
0.1
2.8000000000000016
1.6000000000000003
23.50000000000006
15.399999999999958
7.39999999999999
5.799999999999996
18.099999999999984
41.00000000000032
24.20000000000009
8.89999999999998
20.600000000000037
18.199999999999985
2.400000000000001
11.899999999999972
13.399999999999965
18.999999999999996
13.59999999999997
4.500000000000001
1.7000000000000004
10.899999999999977
12.599999999999968
42.50000000000034
16.299999999999958
18.199999999999985
5.599999999999996
9.899999999999983
11.499999999999972
3.4000000000000017
102.79999999999828
16.399999999999963
2.600000000000001
34.20000000000022
16.799999999999965
17.19999999999997
71.50000000000024
19.1
12.699999999999973
31.200000000000184
0.7999999999999999
13.599999999999964
2.700000000000001
4.8
19.800000000000008
16.199999999999957
43.00000000000035
5.199999999999998
31.00000000000018
5.299999999999997
0.2
4.5
35.60000000000025
35.40000000000025
11.399999999999975
6.199999999999991
10.599999999999978
6.099999999999994
33.400000000000226
3.0000000000000013
9.89999999999998
3.900000000000001
10.999999999999977
44.40000000000037
27.70000000000013
8.499999999999982
0.9999999999999999
1.4000000000000001
1.5000000000000002
22.400000000000045
8.699999999999982
28.900000000000155
14.79999999999996
51.30000000000048
1.3
14.299999999999962
27.400000000000116
14.399999999999961
7.099999999999991
48.00000000000044
18.999999999999996
2.500000000000001
0
6.699999999999989
28.700000000000134
13.599999999999964
39.10000000000029
2.3000000000000007
41.40000000000034
5.099999999999998
27.60000000000012
28.700000000000152
28.200000000000127
5.799999999999995
51.90000000000049
40.10000000000033
46.7000000000004
28.500000000000146
0.6
63.600000000000655
3.5000000000000018
16.09999999999996
4.4
7.59999999999999
67.90000000000043
19.700000000000014
10.099999999999982
3.0000000000000013
38.40000000000028
6.29999999999999
74.70000000000007
32.500000000000206
5.8999999999999915
21.300000000000047
2.1000000000000005
30.100000000000154
24.9000000000001
5.799999999999995
55.800000000000544
0.4
38.90000000000029
18.699999999999992
12.799999999999967
0.8999999999999999
0.6
44.40000000000037
2.400000000000001
6.499999999999994
59.400000000000595
84.79999999999941
11.099999999999977
28.20000000000014
77.29999999999987
63.60000000000066
33.40000000000021
0.4
20.800000000000022
21.600000000000033
60.60000000000061
11.399999999999977
2.1000000000000005
26.000000000000096
38.40000000000029
27.500000000000135
1.9000000000000006
4.000000000000002
7.599999999999989
14.299999999999962
57.100000000000584
65.5000000000006
8.299999999999986
5.799999999999996
61.400000000000624
14.499999999999961
23.000000000000053
0.1
27.70000000000012
3.3000000000000016
0.2
9.89999999999998
15.399999999999963
40.20000000000031
29.600000000000165
21.40000000000003
24.90000000000008
0.4
22.70000000000007
22.400000000000045
16.599999999999962
49.600000000000456
1.9000000000000006
19.000000000000007
61.10000000000063
17.699999999999978
0.30000000000000004
11.69999999999997
23.200000000000074
14.59999999999996
14.299999999999965
17.899999999999988
3.500000000000002
0.30000000000000004
33.50000000000022
20.800000000000026
2.2000000000000006
0.2
16.29999999999996
13.39999999999997
50.50000000000047
15.599999999999957
16.599999999999962
17.499999999999975
54.400000000000524
7.499999999999989
37.900000000000276
7.899999999999988
1.6000000000000008
7.099999999999991
46.200000000000394
1.4000000000000008
7.19999999999999
9.799999999999981
10.39999999999998
83.59999999999948
34.00000000000023
24.900000000000095
5.4999999999999964
33.80000000000022
28.700000000000138
16.099999999999955
28.20000000000014
2.9000000000000012
23.900000000000066
16.599999999999962
23.100000000000055
10.799999999999974
0.1
0.8999999999999999
15.399999999999958
1.6000000000000003
18.7
3.4000000000000017
5.599999999999996
19.90000000000001
6.099999999999991
12.399999999999972
28.500000000000146
16.49999999999996
0.30000000000000004
9.099999999999984
25.00000000000008
11.099999999999978
25.70000000000009
11.099999999999978
13.399999999999965
33.4000000000002
25.800000000000114
27.70000000000012
11.799999999999976
2.600000000000001
43.70000000000036
16.899999999999974
5.699999999999997
16.29999999999996
37.60000000000029
16.89999999999997
14.499999999999966
22.10000000000004
2.1000000000000005
26.200000000000117
11.399999999999975
1.3
21.900000000000055
11.799999999999974
7.399999999999991
0.9999999999999999
6.299999999999994
7.999999999999984
3.0000000000000013
15.199999999999958
15.89999999999996
8.599999999999987
6.699999999999992
5.699999999999992
43.300000000000374
124.29999999999706
26.400000000000123
27.300000000000114
64.50000000000064
21.700000000000045
15.599999999999957
22.000000000000053
33.700000000000216
16.699999999999967
15.099999999999962
6.999999999999989
32.20000000000019
6.599999999999993
24.10000000000007
5.999999999999995
14.399999999999967
0.30000000000000004
39.200000000000294
10.099999999999977
7.29999999999999
21.700000000000035
6.299999999999992
37.800000000000296
24.30000000000009
8.399999999999986
7.49999999999999
0.1
86.49999999999932
41.10000000000034
7.799999999999988
11.69999999999997
0.6
16.89999999999997
13.199999999999969
10.899999999999974
4.300000000000001
17.399999999999974
14.099999999999962
33.900000000000205
36.10000000000026
1.0999999999999999
43.20000000000037
27.80000000000012
42.30000000000034
26.900000000000126
7.499999999999989
30.800000000000185
18.899999999999995
4.200000000000001
77.89999999999988
3.700000000000002
29.800000000000168
4.200000000000001
24.7000000000001
14.399999999999965
15.499999999999963
23.40000000000006
1.9000000000000006
32.500000000000206
22.00000000000006
26.300000000000118
17.299999999999972
7.799999999999988
35.30000000000024
1.8000000000000005
12.999999999999966
11.199999999999976
4.100000000000001
5.699999999999996
14.499999999999961
33.90000000000022
0
16.899999999999984
8.399999999999986
29.60000000000016
37.100000000000286
13.799999999999967
2.2000000000000006
49.40000000000046
10.199999999999976
4.300000000000001
7.39999999999999
9.699999999999978
24.300000000000082
4.200000000000001
0.30000000000000004
20.60000000000002
10.599999999999977
5.899999999999995
26.10000000000011
34.70000000000024
5.499999999999997
10.699999999999978
6.099999999999991
46.70000000000042
1.6000000000000003
30.600000000000176
34.70000000000023
15.399999999999961
66.90000000000052
8.599999999999985
40.00000000000033
1.6000000000000003
12.199999999999973
7.39999999999999
6.499999999999993
19.600000000000005
16.999999999999968
3.4000000000000017
10.199999999999976
25.900000000000095
8.299999999999983
6.299999999999994
30.90000000000018
1.5000000000000002
48.60000000000045
22.200000000000042
130.8999999999967
16.99999999999997
34.400000000000226
7.999999999999988
58.80000000000061
0.6
10.499999999999979
9.999999999999977
14.79999999999996
8.899999999999984
12.599999999999968
22.00000000000005
12.399999999999968
18.599999999999994
4.4
9.99999999999998
32.5000000000002
48.100000000000435
33.800000000000225
15.79999999999996
8.099999999999984
3.0000000000000013
3.700000000000002
23.50000000000006
44.80000000000039
2.0000000000000004
26.000000000000096
0
44.40000000000037
16.899999999999974
27.800000000000143
22.00000000000004
12.499999999999968
11.899999999999974
8.099999999999985
10.899999999999977
15.19999999999996
21.600000000000033
2.600000000000001
15.499999999999963
2.1000000000000005
2.9000000000000012
33.60000000000022
53.70000000000052
5.4999999999999964
7.9999999999999885
8.499999999999986
33.50000000000022
13.999999999999963
25.800000000000093
7.2999999999999865
6.799999999999992
11.399999999999972
11.099999999999977
5.899999999999995
9.89999999999998
29.40000000000016
5.999999999999995
22.70000000000005
3.0000000000000018
12.89999999999997
2.500000000000001
12.399999999999972
24.700000000000077
72.10000000000022
16.299999999999958
9.89999999999998
34.30000000000023
28.20000000000015
44.40000000000037
41.50000000000033
0.6
25.100000000000104
29.40000000000016
16.399999999999963
0.7999999999999999
6.399999999999994
32.8000000000002
9.699999999999982
4.999999999999998
25.70000000000011
16.999999999999968
9.399999999999983
20.300000000000015
2.2000000000000006
20.400000000000034
17.69999999999998
4.300000000000001
45.30000000000038
17.299999999999976
7.899999999999984
5.4999999999999964
55.100000000000534
36.10000000000025
0.4
18.59999999999999
17.79999999999998
23.000000000000053
7.899999999999988
9.599999999999984
7.999999999999988
56.90000000000057
27.200000000000134
40.20000000000031
19.099999999999998
29.000000000000153
3.800000000000002
11.799999999999974
2.600000000000001
0.1999999999999999
15.59999999999996
116.39999999999753
29.600000000000165
15.799999999999956
21.800000000000036
42.60000000000034
0.7
56.20000000000056
0.9999999999999999
1.8000000000000012
12.199999999999973
22.500000000000046
12.099999999999975
6.499999999999993
8.799999999999986
19.800000000000008
2.400000000000001
2.800000000000001
0.8999999999999999
5.4999999999999964
14.499999999999964
18.799999999999997
19.200000000000003
23.000000000000057
32.1000000000002
11.199999999999973
18.59999999999999
27.400000000000116
6.099999999999991
3.900000000000002
7.599999999999989
51.40000000000048
23.000000000000053
46.800000000000416
4.899999999999999
9.399999999999983
1.8000000000000005
7.39999999999999
1.8000000000000005
0.30000000000000004
54.00000000000052
42.700000000000344
57.40000000000057
10.499999999999975
7.499999999999989
19.90000000000001
4.5
17.499999999999982
10.299999999999981
0.1
19.2
2.0000000000000004
2.800000000000001
6.099999999999991
6.199999999999994
10.19999999999998
39.30000000000032
12.79999999999997
4.6
11.799999999999976
2.600000000000001
13.999999999999963
3.700000000000002
10.799999999999974
7.099999999999991
40.30000000000031
37.70000000000028
7.699999999999986
9.099999999999984
28.70000000000015
26.600000000000104
27.600000000000133
28.900000000000155
10.199999999999976
4.100000000000001
1.2
31.400000000000187
6.099999999999994
20.500000000000018
10.199999999999976
20.600000000000037
36.50000000000026
21.50000000000005
28.40000000000013
7.599999999999985
34.70000000000022
3.1000000000000014
2.600000000000001
20.500000000000018
49.500000000000455
19.200000000000017
2.500000000000001
3.900000000000002
10.799999999999978
21.300000000000047
42.50000000000036
49.100000000000435
0.5999999999999999
9.299999999999983
65.40000000000057
10.499999999999979
11.69999999999997
10.19999999999998
31.50000000000019
25.100000000000083
17.09999999999997
7.499999999999986
23.100000000000072
14.399999999999965
3.2000000000000015
5.4999999999999964
3.900000000000002
3.4000000000000017
47.50000000000043
2.9000000000000012
25.60000000000009
24.9000000000001
20.400000000000016
29.90000000000015
0.5
6.699999999999993
3.3000000000000016
4.899999999999999
37.50000000000027
2.2000000000000006
20.500000000000025
1.0000000000000002
19.000000000000014
9.399999999999983
52.400000000000496
8.599999999999985
8.199999999999983
11.599999999999975
19.500000000000007
3.2000000000000024
61.400000000000645
22.300000000000043
17.19999999999997
24.80000000000008
32.5000000000002
10.699999999999978
1.5000000000000002
11.899999999999974
43.70000000000037
5.399999999999997
2.800000000000001
5.999999999999995
25.300000000000104
28.10000000000014
31.100000000000183
2.1000000000000005
11.099999999999977
60.40000000000063
2.600000000000001
46.10000000000039
13.399999999999967
14.099999999999962
3.0000000000000013
23.900000000000066
23.40000000000006
39.70000000000032
15.499999999999961
4.100000000000002
1.9000000000000006
52.600000000000485
7.599999999999989
23.000000000000053
8.499999999999982
