1.7697028
4.5890994
4.218756
3.7980127
4.205064
4.0162845
3.9231455
4.4776964
3.6254287
4.111345
3.7265265
3.589867
3.4109359
3.398205
3.3485243
2.9820676
3.6598063
3.3576086
3.6784527
4.034101
3.6690154
3.4160895
3.9146018
3.974754
2.9777617
3.5184758
2.9940305
3.515127
4.2327733
3.1350253
3.4594774
3.9386168
2.6287675
2.70161
3.6737397
3.6272602
3.2253208
3.7659853
3.0309954
4.305514
3.8699985
2.7430902
3.7855759
2.8394837
2.573382
4.2236934
2.0429733
4.5570483
3.9834583
0.9329805
4.704804
5.1223545
0.5107172
4.9620833
-0.17125854
0.19915514
4.121463
1.0078933
-0.20800719
5.3352365
4.3360834
-0.21314736
4.6361074
5.066222
1.1009805
5.7766266
0.8754381
0.8097668
4.992436
0.48336375
1.9044515
4.3012686
0.20281783
4.4905915
4.9476686
-0.04089268
5.210364
5.6558776
0.013596309
4.8607616
1.7529236
1.1225104
3.9030755
-0.22318605
4.0423017
3.9230516
0.43001643
4.005882
0.5696114
-0.013122083
4.387584
4.837842
0.15434837
0.1389109
4.5695453
0.084177665
4.2264943
1.3613113
-0.1918999
0.9768462
0.47863573
2.0877817
-0.05461114
0.86903906
4.4457564
0.5688615
-0.2655301
3.9647703
1.9387618
0.45719773
4.7984405
0.30499735
1.6969284
4.3523116
1.6126798
2.6664953
0.29410967
0.48505205
4.650926
0.63310605
-0.019411795
4.6152797
0.575449
1.430648
4.532745
1.47166
3.748619
1.244898
-0.10478033
4.4202223
2.2627494
0.31903765
4.826251
0.6700643
1.0891546
4.7408986
1.6055492
1.9028175
0.19131312
1.5029308
1.6344078
-0.6725281
3.4118497
3.6539137
1.0247818
1.1824701
4.677226
3.9218397
-0.075947896
5.001727
2.8347292
5.191155
2.0054684
4.1740775
-2.0161736
2.1165721
3.9490905
-2.228602
2.3184772
4.597108
-1.2390704
0.49022716
5.5712566
1.086013
3.8771036
-2.9176068
0.23134202
3.7917962
3.8519855
0.27111652
4.1434617
-0.32615435
0.61447644
3.496186
5.3408933
1.7499017
5.028963
-2.6815917
1.2167993
4.43973
-2.3554516
1.4016222
5.180551
-0.15739965
2.1023784
4.096756
-1.1240673
4.127568
-3.8253124
0.8176163
-0.04890598
-2.4338143
0.80028266
4.6871367
-1.9554935
1.8520187
4.19743
-1.2888038
4.8183217
-3.32798
2.5775986
5.030732
-1.8175604
4.3824883
5.654639
0.8582238
3.4059114
-4.1540756
1.5589224
4.2142277
-4.004983
-0.45457572
2.6364796
4.5749545
-0.41699064
2.0561311
4.584053
-1.4316512
0.7758708
5.1156297
-1.4543128
2.10303
3.5203886
-2.598454
1.6571035
4.873216
-2.4544826
4.1106105
4.615027
-0.64965653
3.0682726
0.18603148
0.9295782
-0.68120366
-3.745329
-0.45098305
3.9185228
-2.4235728
0.87615985
4.392465
-4.3040524
-0.5516691
4.908623
-3.7703419
1.804546
4.1827693
0.37277502
2.1389647
5.1495028
-0.9107692
3.713564
-4.259242
-1.1498271
4.188991
-3.109124
1.9321723
4.3265266
-1.8764194
2.9048517
5.1043673
-1.5496011
2.2734663
4.815173
-2.0747447
4.4699807
-1.8740883
1.441969
3.4224837
-2.6594276
0.7842038
1.1071599
-3.804629
-1.0777049
3.494506
-3.6815379
-1.6631119
3.1715517
-4.342879
0.38953802
-1.7278762
-0.80422366
0.12020567
4.7830944
1.2108918
2.0726955
-4.307066
0.016881285
1.1055262
-1.4080374
1.3791971
3.8206322
5.8128214
-0.3019046
4.1951017
-4.3128037
2.1932855
0.7692265
-1.735994
0.6833378
3.8222702
-2.453957
2.1917439
4.328883
-2.547339
2.71587
6.129005
-0.5167258
4.3010254
-4.286832
1.0939075
3.8289056
-1.5597129
1.0490993
5.647868
0.22410223
4.021504
5.174559
1.8395743
3.4624848
4.8380218
1.6133542
5.493247
0.10003219
4.7632174
0.34377807
1.4924021
3.6595917
-0.081075996
1.0668571
3.9691296
-3.240378
1.1625104
3.7590349
-4.3225603
-0.24976586
4.468784
-0.1593735
2.7320902
4.958492
0.6704709
3.1493642
-3.6489444
-0.94435817
4.0844445
-1.8885252
0.91231644
4.565917
0.5400321
2.8660758
5.290499
-0.1753292
2.2447226
4.694699
0.69134
3.903355
-3.6559353
-0.06688202
3.5051858
-3.3005948
-0.099072985
4.8537245
-1.9907486
3.8095646
4.5397058
-1.0078039
4.034822
5.0451994
-1.2371126
4.184722
-0.807866
3.1822329
-4.501649
-0.3135154
-2.1702912
-2.8825667
3.5066478
5.097396
-1.1774331
2.8351486
4.5025525
0.31450796
3.8049064
-3.7950022
1.2160522
3.766604
-2.8537114
2.5670462
1.4328994
-0.6156483
3.4607818
-4.6579633
0.3414997
2.7983246
-3.6435444
0.085901916
3.9931824
-4.5288415
-1.0238724
3.6075182
-1.6133469
3.8273277
-2.8588786
0.058154836
1.8730191
-4.5857487
-0.45591813
4.0206614
-4.756231
0.21196382
3.9876883
-3.0438304
-0.08796709
5.178151
-2.6213174
3.8757787
-2.7995794
0.10902756
3.8691275
-4.360231
0.7241576
4.217603
-3.960149
0.15105979
4.5588145
-2.52123
0.4189587
4.57984
-2.7731729
0.37922677
4.6975484
-1.3405802
3.199698
-1.4837656
-0.58259237
2.5858483
3.4899857
-2.904785
0.32345894
4.0083904
-3.4755747
-0.108812556
3.7102451
-0.025347838
1.5783776
4.419101
-2.9407563
-0.3145841
4.3773375
-0.9580311
0.4405147
3.7079132
-1.2194798
3.58617
4.9912553
0.9091451
4.3242726
-2.325942
0.65243477
4.491108
-3.3628502
3.624587
5.123309
-0.6997945
2.8797147
4.8086734
-2.419394
0.88520414
4.0078626
-2.2763977
4.1627383
-4.1641297
-0.18207888
4.3461394
-4.60717
-0.038021736
3.0676947
4.924577
-1.2626323
-0.13972649
4.695083
1.2165859
4.8060193
-1.4578227
0.7239666
3.5529418
-0.25242528
-0.12699357
4.122249
-4.4254265
3.0563056
4.4012904
-2.9170916
3.0835521
5.2593656
-1.8326674
2.4836748
4.8589563
-0.7264999
4.392596
-2.5518837
-0.30639255
4.1133637
-2.1003623
2.1209595
4.5185637
-3.071962
-0.010032279
4.133352
-1.6760925
0.21999861
4.9929895
2.2500412
2.2169209
7.39697
-2.78575
3.3431132
6.1752286
5.9461584
-0.5040447
4.7775598
-4.3553953
2.2208478
3.5756545
2.8016398
-1.6751641
1.1597176
5.5667095
-2.9268923
4.2418118
-4.7055397
3.0605094
4.9962993
-2.2505498
3.6611316
1.9567847
-2.8119729
1.3832835
4.913042
-2.3242564
1.2014567
5.153137
-4.6476336
-1.6268468
5.392449
-3.9774418
0.77109927
4.932744
-4.7656074
1.6882226
4.5169706
-3.205089
5.483612
5.4807997
-1.9294364
0.6800474
4.968394
2.4308662
3.5442345
-3.4407513
-1.5398753
3.7189429
-2.9934106
5.1322274
5.800009
-1.3369368
3.8292902
5.3309913
-1.0766357
3.1301522
2.5279586
-1.9956533
4.0270357
4.70374
0.8134782
1.651171
4.5326896
2.2225351
3.10129
5.2876215
-1.7554818
3.026355
5.54122
-1.6436123
0.95510596
5.2797065
0.40793425
4.8462157
4.9880486
0.18535207
4.580576
5.9350133
-1.4026318
4.12699
4.123876
-3.1540751
1.4230111
4.3304954
-4.6362863
-1.7044532
4.6084037
5.569114
-1.9618788
2.526957
4.8757377
-4.7047553
1.2776456
4.642839
-3.1572313
-2.2012389
3.6124902
5.8297987
-1.3145078
3.5803182
-3.6216393
-0.555413
4.1182966
-2.4353895
3.2513857
6.0871677
5.8802195
-3.6299386
-0.26511082
2.5390935
5.52871
-0.505974
4.0087414
5.2395134
-3.4387474
1.2500871
6.0170207
-1.2849973
1.760126
4.1268163
5.4016366
-4.1856174
1.6459073
4.025866
6.2352796
5.1970587
2.881146
6.096661
-0.68829715
3.7952628
4.565377
-3.01816
3.4906049
5.314499
-3.1373641
-0.26525912
5.4355073
-1.4108216
1.762323
4.951969
2.1747367
-1.317131
2.3152804
5.7809677
-3.9664261
2.6179483
5.255442
-2.6113179
2.908066
5.291674
-3.5059564
1.192976
3.8720438
-4.3760695
-1.1362793
5.510908
6.530112
1.3146138
0.1360681
5.1815214
-3.3418028
1.3228482
4.26514
6.722255
0.32495403
2.297467
5.5765667
6.105151
1.8103973
2.9364994
4.884255
-4.2281923
-1.7364854
5.5204773
6.690412
-0.1697866
-0.08365898
6.023906
-4.644391
0.30972552
-1.7018582
5.1920953
1.1295128
-0.36888283
5.6909466
4.6641073
-1.976863
2.930772
5.423009
-3.330432
-0.016278936
3.5437238
6.336495
-2.1538553
6.5042915
5.2086554
-4.6217203
4.9000993
5.438293
-4.112698
-0.20462885
3.9755743
6.6666694
-4.9026213
1.8609587
-0.4645964
3.6898704
5.073029
-0.17427336
0.51790094
4.9825277
4.2919683
-1.1655363
-1.3089527
3.6333323
6.852787
0.38425258
0.6424265
7.012631
0.5735107
-0.9267573
3.2593675
3.4177394
0.109907515
0.40873557
3.0952752
4.4080815
5.7695923
-3.970549
2.8290513
3.9584422
0.13183968
6.924092
6.4048266
4.739223
-4.5415907
0.18585923
4.505167
-2.1715305
4.6375494
0.52004665
6.998049
0.07968066
0.15024847
4.024452
7.0919476
0.6445969
3.5886948
6.3159094
5.8575835
-0.7391795
0.26417032
6.7094774
6.412554
-0.13496509
3.3142538
5.562908
5.5178647
4.885474
5.9270988
5.887487
-4.389943
3.5284321
6.336457
4.885685
4.477378
5.999391
3.8255193
3.198577
6.922664
-2.3198435
3.1710155
4.0224624
-5.2593126
4.4260674
6.090353
7.0084023
0.7167734
3.9136434
6.33387
-3.2674532
1.9908822
4.9627757
2.481735
-3.5382676
1.9017224
3.4017942
6.598804
2.8337128
0.8034339
5.759695
0.6387118
4.919491
4.309934
2.4697487
1.5177252
3.3172123
6.5116544
2.3250935
5.6641884
-1.383832
-1.2268308
5.359039
-3.6940086
-3.3295298
1.9982363
6.403615
1.411393
-2.2920926
3.0952132
6.8106446
3.2598722
4.3515987
6.1034317
0.6348885
1.4192638
3.0266519
7.1002393
-3.418455
-2.013055
4.8162313
-4.8156776
-0.8114238
4.0680795
7.268834
-4.412855
-1.0017346
4.7449217
0.9584369
0.3406203
3.4053597
6.1221023
-0.7935198
5.8547115
6.589425
-1.8386904
5.815389
5.662838
7.392186
2.1407428
3.3969684
7.171987
-2.0983746
0.4878242
3.4254107
6.237675
1.3998985
5.8393564
-2.2257762
-0.19333683
3.5083718
6.6092277
-1.9050986
5.0449247
4.9973693
-4.640197
-2.152093
5.756634
-4.6207266
1.3244957
5.166889
-1.6985683
0.751086
3.6833744
5.8323183
-1.6873237
2.1076586
3.1257577
5.521645
0.563257
1.905282
5.253638
6.6751537
-0.653055
1.7564735
0.93681794
-1.7047179
0.6908817
4.300443
6.840614
1.462092
5.2516956
4.456927
6.600036
-2.028364
5.2316732
5.004744
5.1302342
1.873531
2.9433234
5.7530055
-0.13968295
-1.32294
5.000107
6.547598
-3.1836479
2.9461966
4.1789465
3.744276
6.0976844
1.702985
3.445207
5.8133373
2.022289
6.00948
5.6672196
-5.5992494
5.370908
3.5871632
5.2442174
5.851793
0.7900011
3.2847345
7.3863354
-4.9926696
-1.6448356
3.7607887
4.94337
4.7370257
-1.4689549
1.9755921
0.3939042
4.043411
4.752476
8.50561
-1.7850281
-0.89171463
0.93799984
3.421719
5.4531517
2.741699
1.4796419
5.0958924
6.9843736
-1.265783
6.3942156
5.1928167
-1.9228066
0.5339807
1.7059929
6.749477
7.687211
-0.8427776
5.936838
5.6450887
-2.0088995
1.0020868
2.0512736
-5.0848923
-0.52025616
-0.075308725
6.916868
-4.9839244
4.1353464
7.851793
7.303979
7.991217
5.1280746
2.287508
5.2220173
5.7312613
-4.0897527
4.0959573
3.7852955
6.221388
7.4821987
-1.2386473
1.9307714
6.8479586
6.001445
-1.8676207
7.050629
5.3797445
5.589098
2.037748
4.925281
8.023002
4.89832
2.426402
4.664368
5.3640604
-0.34675017
7.554621
5.470144
7.229386
5.771995
5.350716
6.7183146
1.2416903
4.4421024
6.60392
1.5523983
4.426782
4.752954
5.300887
-4.6685133
3.5530117
5.2440214
7.867132
-1.8061811
4.996482
7.005502
-3.4160676
5.64064
4.337242
6.7242923
3.3961194
2.6469605
4.927737
4.794403
1.1025299
0.294986
3.86172
4.836997
6.7950163
-2.7990193
-3.1609092
3.5019927
6.8326855
-3.7686975
-1.6880643
4.4809957
2.657081
-2.399592
2.8536222
5.2046213
7.1428075
-1.2722517
3.827882
5.2253118
4.720717
5.837422
-1.2180698
1.6444038
5.454875
7.3026757
-0.4797636
3.045667
3.7809153
7.0770736
-1.1476357
-2.1895316
3.3459215
7.1767564
0.52777815
4.536826
6.5910463
5.820811
2.304847
2.920657
4.0036745
6.7742333
3.5669765
2.323372
4.029438
6.7216268
0.38525847
6.2272625
2.9896743
4.253538
5.4601536
5.5471554
-4.0413227
-2.1416152
1.9497839
4.5372977
6.849278
-2.806585
-1.1696546
3.7092583
6.839049
8.2801
0.6645396
2.7153509
6.4545417
6.8174696
-4.3671827
1.6467319
0.21429989
2.7976098
8.198026
8.026166
1.620607
4.031874
3.378841
6.6638064
-0.2604981
0.6113464
7.905558
6.0849624
9.825121
2.7818844
8.704566
7.04044
4.282601
-2.9004831
3.370008
7.4137793
-5.3731723
3.363925
4.2355704
9.4302
-1.931894
1.8489089
6.661411
4.9317684
-4.1021433
4.0572996
5.40976
8.767065
6.0829554
5.333905
6.3123965
4.8258724
7.1580677
7.8389
5.8471265
4.013746
2.4092557
7.1441894
-2.7106292
2.800713
0.7541304
6.897798
6.9099474
0.07116654
-2.527255
6.273826
5.5554757
8.146295
0.5540913
2.1634407
2.6766033
6.108065
3.5295162
4.9409237
6.280746
3.188838
0.37583056
4.839595
4.033657
6.912711
9.074113
1.1659089
0.49934223
6.82664
5.869796
5.7654333
-5.6044264
-0.5138818
5.628115
6.608511
5.412945
1.630772
7.0897384
5.030968
7.804676
-0.5618189
3.2903852
3.8290825
7.813044
7.8738236
3.6217425
2.5178144
7.694103
8.610557
2.515886
2.9179363
6.248002
6.795207
5.3967505
-1.3566095
0.8310812
1.9663608
8.855316
1.3940365
6.7070403
3.1231434
8.845362
8.093443
-2.2412663
8.076651
3.4767418
-3.6964324
-4.3648276
6.568761
2.936519
2.8567781
8.664982
0.16236977
2.2987719
3.4727318
5.846226
6.868395
-5.496902
8.822275
4.6570015
7.046403
9.026505
0.33990538
4.157436
8.5702305
5.4650865
6.3143983
1.2976427
-0.004387383
8.082896
8.793094
5.696878
1.5309402
4.078464
6.7786155
8.229403
8.367598
-2.9092815
4.735035
7.650194
6.9877386
5.050108
7.087971
-1.8763318
1.7419189
6.213384
9.766001
-4.6549826
6.605549
5.931164
8.414107
-4.816431
-7.035627
2.0016532
8.093688
5.0701733
9.2640085
-0.35401174
7.4984045
4.9230347
9.167059
10.050482
1.9333603
1.1677816
6.2571898
7.525847
6.739086
-7.1445413
-1.2373046
3.16984
7.6602592
9.665197
8.862538
7.7276692
0.33339953
3.864381
7.9794717
5.7260933
8.367782
8.047124
4.6502614
9.035996
9.018454
4.996319
2.6275847
7.127726
3.7926016
8.803068
6.382864
0.18758942
3.322446
7.2303686
-0.8841377
-1.0928025
4.3582916
7.350326
8.705151
5.360232
1.5459433
2.373865
5.6832967
3.6130543
0.087883234
-0.14263637
0.99269104
5.333718
8.552122
7.5271106
2.8179958
7.66429
7.2731113
8.88692
5.473466
-3.8913221
-0.52773046
8.783748
0.38707864
5.0852447
9.992227
4.891938
-8.333471
7.5938964
8.425053
9.682859
5.2278757
9.627166
5.1825757
-1.8554021
2.7382915
3.0720623
7.3934913
1.200788
4.0605164
3.235974
8.508126
1.5683756
-3.9958444
8.577215
0.30409738
5.1793547
7.750247
5.209932
8.919753
7.0726285
4.111343
9.351495
8.960651
3.7130737
8.632729
7.8124795
6.734568
1.8553766
8.176737
8.148806
10.469912
-0.94239384
5.304385
8.761306
6.220529
4.8452015
3.8292396
4.284195
6.984813
4.6860285
10.184003
10.673385
0.44284704
-0.9105285
0.54401493
4.130559
9.698354
6.7798395
4.98312
-3.0221682
-0.4552051
0.7078564
7.8977175
5.4950414
6.517304
-2.6939788
7.6251674
3.079017
8.324122
1.7403271
4.8218527
9.493308
-0.67611986
0.94322354
3.510309
7.929954
8.831862
6.5967813
0.3080409
-1.8053896
8.074368
1.9973525
5.456028
7.2238026
9.810802
6.887745
-4.073694
1.8018156
9.777272
9.324778
-3.1906252
-1.7248415
7.1787047
7.1414933
3.9136035
5.857123
8.330657
6.7561316
-0.4621975
4.888089
5.293407
11.479973
9.577411
-1.6237762
9.561958
0.5046176
8.487724
9.372521
5.00476
6.1506066
-3.0685158
7.0310893
7.673765
8.100957
1.6418997
7.377387
0.29189357
3.8199382
9.70591
11.144176
-4.31588
2.0867288
9.186744
6.152444
10.345681
11.055864
-0.765176
2.2385406
5.035983
10.109017
8.736058
-1.7188448
6.09427
6.0546627
3.3697011
8.4088545
-5.6758018
3.6279438
3.608501
3.3552363
4.2050858
-1.7939777
11.495058
9.922476
1.5900198
-1.0932083
2.0710754
6.7936187
9.975301
5.4853163
-1.9455699
3.6936936
3.180196
4.5901165
9.05461
9.024532
-2.914708
1.290491
3.6510313
-5.2453923
6.171244
0.53677857
9.944324
5.585993
2.0992908
2.592519
5.2432227
2.4578297
9.769331
10.523627
2.4998229
-3.3560672
7.4607506
5.403594
9.358673
9.692633
6.3084803
3.3040419
-2.9325204
-0.09967017
8.625694
9.289611
10.586624
8.287879
6.1836176
8.202774
9.72106
2.256984
9.298815
4.566965
8.634012
7.891137
9.189193
8.932937
9.805793
6.2956653
7.4480414
4.7122526
8.463638
9.016762
10.791898
10.297746
-4.653214
3.2744184
10.182136
3.4362948
9.429219
6.9934626
6.963144
-0.6650009
8.70691
8.689366
10.184727
2.3583229
-3.7824483
7.051353
9.556774
-2.5510721
-3.7530448
4.4695315
7.903911
3.0283916
10.026636
5.3464456
6.84382
5.5745964
-1.5532923
6.2153134
4.848067
-1.0537884
10.077491
9.922269
5.0998216
-3.884485
8.801046
4.220789
0.7454715
9.384807
-4.315562
-0.14203753
0.9992226
9.374293
5.475791
2.6040142
1.3371885
3.847493
8.604685
-1.8933185
-1.566271
2.6014686
9.928936
-0.760653
4.9523826
7.4322643
9.340413
8.852239
5.697279
7.8013754
4.08956
5.195631
4.513967
8.60175
-2.1160448
5.5909686
3.367142
4.602884
9.265731
4.5949388
-0.683333
7.6379795
3.7217116
5.4185205
11.0352
-4.4862328
3.0965226
7.88289
1.0635982
2.3027277
6.106861
5.272104
10.977634
7.3326473
7.0440316
0.5360492
10.076213
13.32244
6.068939
1.6244651
8.354548
2.6016097
10.4614935
5.6581116
10.039693
7.833007
-2.3701866
3.0710785
9.407343
6.745751
7.409033
8.150223
7.3084836
8.808228
9.587706
10.704704
8.617163
-4.2713623
5.9309626
7.6124563
10.418394
5.2737517
9.150394
7.183429
6.380621
10.981055
8.394554
5.283604
8.706941
2.6773584
7.154849
-4.1083345
3.0685477
7.077668
10.052105
7.704257
12.618497
8.540397
-3.5034037
7.8696556
-0.109507196
5.358064
8.099579
-3.1241853
-0.48385993
5.1585355
9.56829
1.0570583
4.4078097
6.103615
10.158413
-5.576951
8.060545
8.087526
0.2149418
7.9702187
2.8272398
3.5687182
7.1044226
5.562694
-4.286606
8.798944
9.694129
10.580513
6.2910438
-2.958346
2.5871642
1.9146947
9.153939
2.7884967
9.933091
7.6456056
3.3508375
-3.0158062
5.7464266
8.908339
9.654837
7.4131966
9.417639
9.340064
6.253885
8.302413
10.543347
10.1479
5.7692723
7.370993
6.896225
9.874289
-5.4592695
-1.5320827
1.3127251
3.4771523
7.6496015
4.9953823
-0.49455574
8.51316
4.488125
10.10017
8.907739
8.013749
9.022254
7.4149594
9.709288
7.635791
3.9104044
10.043073
6.052902
-6.021859
-0.86461085
-0.05358751
2.476876
10.470236
6.1102657
10.450162
4.846921
-0.11574798
4.8402753
9.332345
5.407074
3.9043415
-1.3468553
-0.51541543
2.5934732
10.157162
-5.5526066
-0.9406557
-0.16701509
2.5289576
-0.18491575
10.107695
10.689567
-1.05683
8.308282
1.3437963
0.15489498
6.8458514
3.2929142
4.049866
4.156961
10.10701
11.068745
0.8759245
1.8409011
3.0144281
5.36403
2.643128
6.583553
5.6071568
10.495951
4.646017
-0.97663563
2.1207235
9.369009
7.2482014
8.932747
7.650919
9.554129
-4.8250237
7.928035
7.664966
6.292248
9.024114
10.508623
4.029902
7.2384458
9.951141
7.2149405
7.488228
7.2401
6.5452704
1.2891833
8.079985
1.3792878
5.559014
9.380555
10.760113
6.003347
6.6792145
-2.694166
7.0578985
8.577742
8.139566
9.399337
9.339512
7.8669887
10.605394
11.416506
1.1097599
6.2582154
3.4332821
8.385217
7.9858284
9.770352
10.979957
4.581849
7.567442
-1.9343889
7.615997
6.3797836
5.1880674
4.746201
8.149766
8.950864
2.284786
9.528345
-4.6504664
2.3747861
3.6772177
2.6543014
-0.06458628
7.174189
3.0917673
8.43313
10.589478
-2.3279555
-0.2993357
2.1372242
7.3589363
10.4829
8.758068
6.1630406
6.3424416
10.169317
-8.037818
7.035397
-1.8207964
8.214187
9.306504
4.0898776
11.042007
9.295241
8.371552
-1.1417927
4.8392653
10.778701
9.25731
8.018584
-3.5546389
7.606642
-0.847705
6.412626
9.526845
5.1692357
10.157206
5.8457966
-2.9634392
-0.6085844
4.8384686
11.293934
1.2976335
12.321966
11.407671
10.503687
11.195799
3.360481
14.119308
7.8235965
11.249163
4.728817
3.1533825
5.8172817
9.09537
8.446329
9.694378
1.4484044
9.958269
8.605616
6.620997
6.7949405
6.3895717
1.4930023
11.45276
8.41634
9.023785
13.030412
0.010172173
9.061567
8.86129
3.1344118
6.762015
5.7932177
8.451081
5.4464192
10.407502
5.319169
5.526114
5.7233853
3.6083813
8.846758
9.521747
9.524215
10.1575985
8.05672
1.044919
7.9029493
9.091084
7.119859
8.419921
4.088976
-3.5078466
-0.3798818
-0.5720691
10.804884
1.5120306
8.613676
8.3362875
10.938278
5.3725686
7.876445
-2.0703034
10.279792
8.874361
12.748022
9.280345
0.8580982
4.772871
9.462891
4.8957877
8.772619
11.097451
8.608853
5.41654
-2.0424924
3.7528293
3.51358
9.755281
9.579064
-0.8202669
6.958001
3.2486231
8.1247635
3.6996675
5.5901775
9.280586
6.04894
9.851978
4.38024
2.1356978
9.196382
6.2006545
8.949491
2.8519673
10.593278
9.491883
12.652519
8.746341
7.670219
11.293214
5.0881634
3.8005445
11.562506
7.362603
7.7511463
-3.7065518
-0.8124153
-1.230806
0.92134386
8.286501
10.693496
7.8192673
10.405639
11.094476
2.5000503
3.887843
5.631078
2.287491
8.136404
7.8075995
8.5825405
11.609952
-6.0273337
8.726689
11.229152
10.943419
10.462354
9.392942
10.789669
3.5634878
7.73412
11.202289
6.872425
7.921569
12.234818
10.649082
11.8187
12.290882
14.2528925
5.2046704
8.098621
5.8541903
5.773351
8.544554
7.442523
8.974397
11.32007
11.069804
11.51696
-3.3095534
1.2245872
1.8537388
5.3340983
7.5217204
6.1499476
10.361774
9.079838
11.365843
9.223973
13.709985
11.862642
-0.70132047
9.939132
3.7690606
3.0001674
13.867683
7.293747
12.485934
8.615948
12.118779
5.639026
9.409193
8.351448
13.56626
-0.72017777
-0.43598187
8.333044
12.358053
11.238494
-4.0565395
-4.9017224
10.617456
5.248248
5.5821834
11.439166
11.6106415
10.892232
2.6276631
5.826042
11.286515
1.2078465
7.7504425
11.929974
6.648049
0.0073311627
5.460902
10.591056
5.5180416
10.811403
9.047471
11.009669
0.9705692
2.6269453
10.767469
9.0612
10.725273
11.480462
11.451629
-4.831473
0.2883026
7.5093174
11.050345
7.2092433
11.20014
10.970005
-3.6028726
8.782369
8.745749
4.8879623
8.227494
7.535641
11.992439
5.3438444
1.7759079
7.3319736
8.109579
13.131628
10.494975
11.08301
6.983535
2.5571275
4.5585876
3.2518244
10.172488
10.124044
8.185614
12.380574
3.338047
9.220013
3.1481311
0.3423454
6.341725
3.1763098
8.894391
7.758395
13.803493
2.522189
8.39818
-2.4395046
3.924495
11.054282
1.7022562
10.590451
1.847496
10.901387
12.838232
13.141587
-6.78919
8.15148
12.440107
13.044165
-0.24366082
14.206447
13.192841
3.6885383
12.419899
11.855212
5.7506065
11.665721
-2.3431852
9.4289
9.281754
-4.3165817
-2.0140905
5.6501966
12.624794
13.5926485
13.059545
11.562558
12.533846
10.190274
13.713751
12.830469
10.720321
11.662539
12.031723
6.0410686
12.440187
12.998225
12.132646
3.607766
7.478029
6.049797
9.915648
11.58779
11.227829
-5.2486887
7.07856
0.6467392
1.7374288
0.99742573
10.396635
11.177872
11.856819
7.8784814
11.97659
8.979954
9.5843
5.162371
8.512347
9.408036
6.301116
-1.6240182
9.394793
-5.1603537
2.4891918
4.667189
5.7670755
12.6245575
9.333794
9.521975
9.535231
-1.2699825
7.4235525
4.0187
7.6460414
8.040378
7.389958
7.9313912
8.109599
4.6023865
10.058839
6.77963
6.971427
7.34488
9.236437
-4.0212297
6.107436
7.108063
2.5753434
2.1671588
9.641596
4.0650115
8.775934
12.582886
12.224623
10.231366
11.673399
7.4174395
7.708555
12.073821
7.1772604
10.111871
12.358689
10.849089
8.629885
11.21635
7.9081516
13.682906
12.946615
2.5541844
10.294155
6.90301
6.1154246
9.190368
5.9539113
11.968069
11.04624
3.2693918
10.120492
9.6078825
12.633084
7.050349
9.884853
2.38239
7.368873
10.25451
11.213154
3.8847094
11.635159
7.050569
4.827937
-2.8211536
1.2084763
-4.532323
-1.9499695
1.250866
3.3584392
4.023676
3.1156652
10.692257
12.975718
10.826106
10.810616
8.585166
4.1291566
1.1200516
11.437003
8.282327
5.204937
12.400507
10.140541
10.45545
3.8939526
11.576978
11.141691
7.606131
11.50917
10.074681
12.647675
9.35634
10.745505
7.556889
2.304483
6.584044
4.9005413
3.759974
9.058149
5.097873
12.20206
12.603043
12.371932
9.255015
13.55622
9.103325
2.7758613
3.3745134
5.4851675
11.035708
7.690448
13.110538
14.505076
9.636422
3.2537904
-3.390538
8.73621
5.112387
5.89623
7.549243
13.024584
7.984326
3.0954638
11.683038
2.398369
7.5968432
3.6534956
12.1058855
13.147925
8.479781
10.527332
-2.5505917
10.827419
3.5897636
11.633679
8.163194
0.618372
8.539718
11.592981
11.846204
5.7289248
14.085992
13.249655
8.942654
4.061564
4.6686354
10.909297
13.814142
2.2884254
11.722534
15.496051
-1.8012127
13.186318
9.521149
3.2623465
7.6494184
17.037374
9.099554
12.493535
13.356539
6.294535
7.5788054
10.741085
10.242172
12.802461
7.6865
8.33262
9.977506
10.765996
12.437336
6.2018156
-3.526977
11.712774
-0.0557165
11.458825
6.5374355
7.0371075
5.7218394
2.22903
4.7301087
13.649235
9.779272
0.43363056
6.6088924
1.3795319
2.757937
4.654111
12.746918
7.3355517
10.071347
2.5005805
6.0172524
8.815411
8.783089
11.856462
1.5181534
-5.1222477
2.8325
6.0222306
10.055991
7.1801577
11.16988
13.151338
12.634139
-2.078087
3.8519745
4.977798
12.202694
10.0597515
10.059328
9.245963
4.274623
0.5773112
5.713639
13.165148
13.554085
-1.0777653
5.8293667
8.775639
8.263298
9.3839245
13.935415
12.103742
9.794097
7.0195556
8.887195
-1.4956603
9.537868
10.943892
5.8299694
5.252652
11.919325
4.61812
14.064951
7.305316
8.552679
13.039921
-4.970638
11.516191
10.687295
8.995486
12.027776
13.1405
13.141378
-2.1616905
-0.09153901
0.80092216
13.0504265
8.86397
14.289938
9.895434
9.383375
4.338994
8.249992
12.667839
11.411277
5.3739734
7.1956806
11.882248
3.83548
6.2086754
4.5418863
11.888267
8.04094
-3.181211
7.9065223
-0.063819736
12.805143
12.55149
15.509411
-0.8065916
2.980596
14.583119
13.51498
8.3332205
7.5237846
0.8981984
10.902784
12.26403
10.295748
12.1013155
0.09698434
10.506705
10.427342
3.5249317
1.6546657
10.033494
7.0750957
13.319401
7.0469756
10.290147
3.9966338
5.275079
9.859527
7.9290056
9.955289
5.7665057
-2.9686177
1.045226
7.9111347
2.9650908
9.2094965
11.291293
-5.39518
11.156513
7.259598
14.876957
7.1611714
12.562161
-4.1318974
5.091126
3.5653305
12.159443
0.80384284
10.954706
13.092642
11.613376
5.1394773
12.710418
13.469551
-2.142917
7.1909394
11.3520565
14.041075
3.9604187
8.869682
8.756934
-3.5743415
11.4660845
7.8909245
9.2724085
11.929089
8.379362
9.767714
11.788885
7.7637186
13.655517
12.599872
5.252522
12.482846
7.3077207
10.82677
14.302595
4.022929
10.276753
12.490259
13.249887
13.441016
2.540849
-2.2023888
14.100598
12.714665
6.8024817
7.2896442
12.932943
12.596464
6.2648563
7.82298
12.181677
12.782582
-2.9963207
1.9637749
9.044608
10.330725
8.426496
12.077199
10.65292
12.593064
2.5627174
1.3142661
13.365023
-0.25303352
13.79612
13.425066
13.715094
11.520546
6.5503426
12.940878
7.527886
11.8935375
13.2095175
9.999002
11.484245
13.037449
9.594369
8.482595
4.508301
14.108206
13.524359
11.719946
12.300276
10.899958
14.096649
-1.3613776
7.448207
13.310548
10.780965
13.880013
14.224132
7.217349
11.015798
13.562536
1.6316113
13.681153
13.598165
7.917822
7.068884
14.341435
12.925202
13.156916
12.5242815
12.230272
8.827604
4.8701863
5.9243965
10.663268
9.810638
11.162341
5.047421
5.8241796
9.412795
8.135961
8.658678
1.7388923
7.6843734
7.7967825
12.351712
7.05547
7.771607
9.384997
6.2795773
-1.859013
7.9590106
13.283582
6.847584
14.346316
10.475193
8.243254
13.1714945
11.895975
8.808378
10.287367
7.464888
3.3149683
4.61143
13.838327
13.826494
15.571518
9.850327
14.026488
8.0536
14.47367
13.224503
11.656779
14.703025
10.078259
5.1854396
11.086414
12.758553
1.4549422
12.494327
3.2853758
13.231606
11.205637
13.980841
7.8306756
8.694103
11.90148
11.457939
9.618998
11.5134115
11.632801
7.3985424
14.157827
12.903518
13.69333
13.849157
12.969177
5.2048664
4.716761
15.22216
11.085536
5.157909
7.3971906
9.553872
4.37665
7.7354345
7.8867245
13.747301
5.326487
12.297571
4.30677
7.720437
6.2385273
14.367844
13.9303465
9.542348
10.748921
10.645631
12.493253
7.4193535
5.8228917
-4.9379272
-1.0865492
13.023379
11.822643
2.799443
9.781474
10.944323
10.279171
1.3493181
12.387151
9.79834
11.420484
13.829158
3.6313694
11.733948
11.425386
12.00528
6.8191695
15.360291
10.655793
14.497006
9.539502
9.027129
2.541815
11.838715
7.4130177
7.833485
11.394678
8.860392
11.570599
14.28227
10.524475
8.535963
11.687283
9.036786
13.85977
12.910772
-1.7162557
5.3848844
13.882495
8.061818
0.3633877
2.7070746
2.551381
6.7999067
4.6053104
10.721739
12.9248495
13.019769
10.411034
5.806532
6.4218187
10.630096
12.938927
9.913929
8.951534
12.918981
13.250939
4.516116
13.394652
8.932897
7.662706
12.157344
10.4618
11.968505
-5.7261395
-4.5976763
9.569176
10.716518
13.306507
6.4804087
12.56028
9.776683
14.44001
9.334515
8.386324
7.971401
8.805702
8.717868
13.803495
11.473603
13.751085
-5.9088573
13.592956
2.8583517
0.9932623
7.4253006
12.637403
15.35449
15.733422
12.255694
9.477274
6.5591183
8.391269
8.36089
10.176139
8.6039715
13.631695
13.534937
4.7698846
6.579269
5.4884405
10.115446
14.3154
16.014717
3.9494796
12.139635
8.850121
12.94101
13.035839
4.4000525
9.040265
13.47625
11.2935505
11.851119
5.2148223
11.34144
11.665281
6.9853835
11.058985
7.968395
13.535153
-4.2373924
-1.66335
-0.37128937
8.80172
14.449136
11.149191
13.406333
6.85826
5.481912
5.6360126
1.3097624
11.785141
14.021586
10.878584
8.795949
13.731316
12.053734
7.8337464
12.502584
5.1396565
13.903624
13.460712
13.436924
9.79624
7.0004096
5.7650714
7.6524744
11.163721
10.738148
11.576887
12.3029175
0.6055933
9.452804
9.176985
12.1633215
14.823554
14.124869
9.981298
14.82449
13.040056
2.8194616
13.254732
14.584231
11.41293
2.1727412
11.490399
10.924857
14.616308
13.61765
5.040525
14.841874
9.544178
12.496196
10.386664
7.6126304
-0.41585934
12.362256
14.415862
12.613877
6.5416207
12.615709
11.080742
6.1953115
15.428377
6.8972726
8.865253
10.656764
13.6697445
11.846578
15.431251
10.0556135
15.103818
13.498468
13.468602
12.658503
-0.71289766
13.575959
8.541649
12.612834
13.597615
1.2257487
8.818706
9.254576
9.717728
11.554658
3.8817213
3.8831367
8.382347
11.100292
13.740985
15.229247
5.689559
8.253775
10.784766
14.260056
15.443138
12.094773
-1.3835833
12.7960205
6.437991
11.234356
13.247311
4.847642
11.805125
11.971536
12.648319
12.294398
12.5161
8.134858
7.9279785
11.055536
10.774719
13.9160385
13.661993
11.309961
9.319545
4.044095
8.076467
7.488974
15.000039
13.956263
5.722995
12.754387
10.829106
13.1966505
0.12981649
11.06733
10.793784
13.276436
13.953412
12.126294
14.688893
11.548091
11.8340435
3.482704
9.095104
13.72832
13.043847
11.237374
7.515759
11.269931
16.591497
9.393374
13.844466
13.635218
13.877247
12.4851885
9.20075
0.09366241
14.536831
9.532967
13.722386
12.824162
11.957211
9.412587
13.345778
6.9380836
13.58117
3.8495524
15.763338
7.1555953
10.686495
11.372993
12.9536495
11.560341
13.598752
11.208112
7.663704
11.835649
10.602206
10.365385
10.770276
-0.70417696
5.5198846
11.280564
9.832289
7.291386
14.042037
10.961693
5.834386
5.2724113
13.882533
10.912715
7.6868343
10.3385105
12.414245
11.492433
5.0644093
14.098688
14.07701
9.108167
-1.2389746
3.0336146
10.513249
12.315163
10.876663
5.814996
5.0442715
12.053796
15.67759
11.480345
11.229986
13.185976
11.70523
6.4449005
14.187865
14.43335
7.676722
8.56485
10.603344
-3.2645974
-0.73162127
5.478902
5.400048
11.70543
10.322271
11.182482
13.439249
16.047897
10.05855
11.855834
12.232425
6.83269
13.978025
13.376185
14.577233
16.074419
12.360173
5.9648466
10.913638
7.81456
9.060475
9.609073
7.3037343
12.902276
12.1327505
15.341832
2.3398569
5.4011025
14.400026
12.045909
14.673927
12.084728
11.350085
13.058745
11.889192
12.306491
8.620395
10.540026
14.488712
14.343606
11.417426
12.175791
13.6053915
11.39078
10.384435
10.217496
13.388615
7.2473693
11.176475
10.809962
15.539267
12.730561
14.685114
4.8521056
9.763727
13.106829
8.472327
13.322727
15.8131075
4.5412245
14.270307
11.921115
15.41866
7.997587
12.245039
12.2196
12.09234
13.0486145
9.502624
13.326328
12.800735
17.177652
14.855118
13.30596
8.567492
14.854495
14.691647
13.447809
11.876093
12.274266
10.455443
12.810355
7.4702396
9.279967
11.270396
12.868264
1.9675851
11.625444
5.199656
15.987176
5.1183844
2.0768633
7.4109836
12.217645
12.619813
15.025568
13.645979
6.1551347
2.8044202
9.297712
11.556785
11.126276
7.349288
11.611753
10.988077
10.196934
8.495844
11.841033
11.810092
6.836234
15.165211
9.956138
13.756987
15.170345
8.154149
7.4476476
10.29633
6.397801
6.6279564
9.458578
7.7008553
7.1728644
12.687304
12.13346
13.916145
16.336521
9.44628
4.245468
8.694183
9.421513
13.746646
14.42657
7.538446
9.279745
12.567657
9.419409
12.404706
11.962852
9.464188
13.913071
13.996444
4.500959
13.494874
12.386027
13.524357
12.942853
7.5754714
16.064247
14.225816
12.094329
14.963307
14.613139
10.592521
11.689723
15.422135
14.066329
13.294212
14.588811
8.415902
8.403923
15.79384
3.9168234
11.792416
12.504887
5.8610635
9.350248
13.232214
13.923218
14.050244
18.070639
5.203257
12.037642
6.6316996
15.589585
14.461255
-6.1125064
12.783382
13.415738
9.259847
11.085299
11.514648
11.669945
15.945736
15.668114
8.101868
6.299711
16.279951
15.389062
12.458176
0.25963452
5.490373
11.7282915
2.9882078
11.760563
11.440196
9.799026
6.9796762
14.691409
12.451082
12.233521
10.592582
13.52783
12.346971
11.257188
12.847882
14.461957
8.277368
3.7383666
6.2054133
9.871153
8.932193
14.912872
12.95877
9.7922735
1.3098037
7.3165264
12.039516
11.479395
14.858353
12.649123
3.786093
5.5344896
13.181466
-3.9776046
13.142438
10.284845
13.741997
13.680314
12.199203
7.9470596
9.073631
15.051159
6.4223533
6.287759
10.448478
5.252575
13.314937
11.358014
14.532939
11.111986
13.020203
6.7761407
11.47309
12.745551
14.41342
10.822399
12.389617
13.040752
9.141377
13.324168
14.342133
14.72492
11.257868
15.1240225
12.6620035
7.499512
12.750679
13.6929
6.859311
10.447085
7.864134
11.213871
6.6249084
11.11408
15.553922
3.9813557
14.139401
9.631816
14.478541
13.00571
4.5496974
11.305201
10.867732
12.928932
6.884401
12.548545
13.4928
12.452836
14.642778
14.631947
14.891949
15.442955
8.736729
12.3375435
14.85014
12.079263
12.756664
12.063628
11.920864
13.293581
14.531624
14.225842
11.573159
10.718668
11.789257
5.0393143
14.363058
14.320681
10.01213
14.210376
8.832997
14.946052
5.3168035
15.2700815
13.398908
8.819591
-6.7765865
7.8369613
13.125096
15.628077
14.343618
15.30441
16.241365
5.580694
11.439356
7.74061
9.5047
14.325929
5.9464006
12.727934
13.54149
-4.4477787
8.676915
15.737815
16.94102
10.277761
12.381266
10.607936
13.26784
5.976914
12.921068
13.511386
13.246958
7.0188704
11.808144
14.386728
11.037024
9.004053
10.379485
12.009486
13.990595
11.655687
11.195976
10.256499
13.098344
15.224664
12.873626
15.724763
14.074779
14.298594
13.15266
8.723049
13.571215
10.423402
15.577814
9.310388
13.995137
11.475708
13.90198
4.213714
14.50974
9.469849
10.905189
15.205949
14.564503
15.900992
10.727732
15.704351
10.444437
15.840575
12.888246
15.095082
8.835126
8.896262
15.105084
14.996709
3.3282049
15.248719
11.020382
13.030841
14.926556
15.130174
7.2760057
9.611635
5.3687167
9.424445
13.673013
13.548037
7.9730945
14.652912
11.7423
14.273673
9.636766
14.572722
10.897962
10.001254
14.70642
12.775346
5.048319
13.149991
11.598081
14.550617
14.74918
10.277657
8.90083
-5.212762
14.286982
13.24833
13.529353
13.765841
13.293714
12.993773
12.804103
10.6846
13.76219
15.331896
14.189201
-5.090004
9.7525835
11.259154
13.243493
12.914417
7.974994
18.40881
12.238407
13.578602
12.420849
8.980529
11.062028
11.746764
8.826723
12.44034
13.359957
11.848461
7.9123335
9.646301
8.0012865
14.307663
13.994898
6.5541086
15.196569
14.340937
13.669406
11.609436
12.784601
9.563561
15.840908
17.291298
16.652481
10.89395
14.157114
15.805372
12.8866625
9.51732
8.899663
16.786707
12.71339
17.745392
16.14516
15.334973
14.039011
6.7531023
12.639046
15.712109
15.507115
10.752397
11.2177305
15.271919
3.4123473
9.90559
10.895041
9.772674
12.776659
-0.57493615
14.98234
9.519175
11.98221
8.627733
13.114184
14.523543
13.590391
8.533169
15.287459
14.73241
7.7890263
11.893075
11.800308
15.71892
14.3304
-3.0014246
11.936038
6.3552017
13.1062765
13.999659
15.490036
13.275573
16.68568
14.6152935
11.887061
13.665134
10.579656
8.762134
13.642623
12.300142
11.4693575
11.872127
2.2980762
11.679944
7.325467
15.04193
11.262986
14.804295
4.565845
13.884737
11.277591
13.857452
12.735308
14.138245
15.988413
14.446392
3.853044
10.1683855
17.631262
7.3505006
6.2264543
7.512087
10.773881
12.351259
9.249201
13.54781
10.700677
6.2988334
14.623706
12.645432
7.2831907
11.541396
8.948388
14.410489
6.979044
13.821652
12.761646
12.140073
10.844594
9.360041
10.397783
11.315538
10.065666
11.268513
12.015609
10.278949
12.222159
15.851768
15.850914
11.75314
14.059262
15.105371
15.303767
16.37231
4.408734
12.991997
13.72632
15.130735
10.58083
12.576088
13.498976
12.420433
12.644391
13.284645
13.998865
11.003274
12.081017
12.773123
16.65592
15.144202
15.175985
12.013201
14.168796
13.471375
13.67861
11.734376
14.795486
12.674861
13.522276
12.539895
11.393442
13.613886
14.483303
11.926255
15.047743
16.048431
15.238188
16.193275
12.174729
13.758957
14.02114
12.337345
12.631296
11.854789
13.686767
7.0018096
13.997274
14.4311285
11.0703125
13.952707
13.044467
9.615486
13.864659
10.289422
10.434216
16.376947
14.120019
13.088887
6.1923933
17.934082
14.351965
15.957057
-3.7635055
14.93347
10.992968
15.150203
13.925622
1.9880109
13.429548
13.460651
13.630533
15.667648
16.33925
15.771084
9.779894
14.042714
15.478464
13.206468
12.819155
14.070724
12.871745
13.397748
13.615437
11.358339
11.43621
10.557135
10.361084
12.219755
9.233509
14.232728
15.755871
13.897622
14.623077
12.154562
14.419271
13.635024
6.266194
15.047447
12.207469
15.663385
14.519508
15.224079
10.397801
15.213289
11.378828
10.039894
4.898972
14.67169
14.633827
13.338208
12.231444
12.935669
15.094517
-1.8050113
11.765387
11.2821
13.606097
6.2735186
9.151733
11.014307
6.8171797
9.846632
17.903116
16.416752
12.971666
14.0964365
15.334734
13.911073
12.343711
12.152979
9.845745
13.786978
4.5544734
6.838511
11.718539
12.627604
15.776847
13.466913
7.666764
14.95106
8.816699
15.103655
12.365039
15.197459
13.795923
-3.5230553
14.971788
14.095961
15.269486
12.490883
15.39287
14.806779
1.3410513
13.061555
16.83773
9.167111
11.357263
13.894469
13.540871
6.5469785
15.10578
11.5287075
14.043402
14.58793
13.918318
13.906797
14.080829
15.333183
11.913756
6.473984
13.582414
14.057403
12.631782
-3.015469
15.60361
13.768247
14.577824
-0.42940986
13.027216
15.667463
14.461781
15.130657
14.800446
14.441186
10.669326
14.979763
17.884512
13.831931
14.781313
17.701557
12.289573
15.809153
11.778525
12.274873
13.543281
-2.411431
18.368689
14.923248
12.140965
16.32801
11.658317
16.831392
14.192681
15.890111
18.390732
15.870946
15.448783
15.5559435
16.178051
15.235544
15.198785
14.942689
16.947477
15.310784
11.521152
12.05879
10.814277
14.998092
12.024081
15.835401
15.76506
13.658944
14.633349
16.401966
9.045556
13.316833
10.589373
16.04874
13.207285
13.436964
14.144208
17.842293
13.279375
10.391935
15.5518875
10.9917755
15.966279
13.003141
-0.79445314
7.6368923
12.576394
15.88495
13.151932
15.128237
16.457355
13.717431
13.0473
13.864391
17.983446
13.328488
13.0642185
13.470757
12.298974
17.577787
9.243701
12.852766
13.408653
15.195637
11.716727
13.544223
14.633704
17.731358
14.857551
13.590478
14.00557
18.641289
14.961181
12.333331
11.61881
14.051548
7.5341215
14.799414
15.566393
9.268712
11.860069
6.149869
8.67783
10.5951395
10.646223
13.513634
17.26692
11.888871
15.107753
5.9351134
12.767826
14.854669
10.432259
5.919493
13.827105
14.397118
14.674193
13.115889
14.479963
8.559612
9.405727
17.663736
16.115349
16.84731
16.654242
6.5548644
15.843666
12.032695
9.0058365
13.181036
17.592335
9.172578
14.116421
17.263153
12.346902
16.35627
12.594006
13.377461
12.031961
17.562353
17.038033
13.284372
13.328107
12.566632
16.375486
11.157187
12.330607
14.391463
12.756952
15.102228
17.826057
10.854282
16.14082
16.578691
5.7404785
14.663492
19.436846
15.394012
15.16005
14.094325
9.210762
5.45242
10.705151
14.503875
14.327106
13.701707
12.735089
14.297765
17.299112
19.180216
12.665354
15.057105
13.149364
14.137491
12.461045
-0.50857425
11.896728
14.860764
14.291041
9.784856
16.815857
13.126299
14.503212
17.156347
15.551194
6.051129
16.363077
16.172054
13.198047
10.907635
13.538922
13.365255
3.3558345
15.074489
16.60836
16.10976
13.771023
16.452246
15.217423
16.123419
11.827473
15.398489
17.521978
15.558005
14.936835
13.535868
16.48306
15.137703
13.40532
16.542862
13.031214
13.820631
11.7570095
18.075737
15.695116
14.272762
13.759626
13.765003
10.099306
14.341141
15.67018
-0.17536236
15.497465
11.453009
17.926846
14.842145
14.667688
16.797901
15.725733
11.513961
13.421045
7.839751
14.972554
15.45874
15.818694
6.8068676
8.629729
13.50746
10.775381
16.27584
14.399045
13.937145
14.619804
17.036072
14.695836
15.068469
12.647651
9.49122
12.59442
12.536736
11.155878
13.697078
10.720317
12.173843
12.391658
13.776072
13.411306
16.546555
16.995443
3.9388
16.517776
13.812401
14.903599
15.743177
13.6972885
4.4281654
16.383501
15.856514
14.748526
14.133682
10.401197
16.39034
12.268387
11.303545
13.142284
10.824044
14.263796
15.663989
