1.73912
4.73683
4.95986
4.21602
4.21811
4.87775
4.09932
3.88726
4.46761
3.87638
4.55518
4.06316
3.97538
4.63297
4.51409
4.65645
3.91087
4.03667
3.37196
3.41728
3.98527
3.2452
3.40892
3.00146
4.14106
3.41738
3.7032
3.57777
3.95169
3.22522
3.8671
3.72089
3.34144
3.45739
3.33779
3.07294
2.67669
3.76632
3.41332
4.30185
4.24385
3.01823
4.29266
4.37398
2.48722
4.47718
4.46773
2.32331
3.90957
4.87702
2.43521
1.10808
4.48153
2.25734
5.00929
1.30532
0.0307029
5.12229
-0.268757
0.288969
5.06424
0.790233
0.0391562
4.33129
0.985926
4.0298
5.08105
-0.414282
4.67056
4.43922
0.0134795
4.87256
-0.208671
4.39891
4.12734
-0.0845809
5.082
-0.149131
-0.340948
4.30673
0.083153
4.14182
-0.177982
1.11294
4.91156
-0.00714187
0.503848
4.13231
0.124811
4.03674
4.06844
-0.0600642
4.16942
-0.223031
4.4888
0.527632
-0.408573
5.10311
0.188834
4.93286
3.83624
0.460871
4.68694
4.11196
0.489499
4.46453
5.49592
0.652
-0.533989
0.272664
1.74307
4.60899
0.824302
4.56406
0.538238
0.792528
5.37411
0.0888975
-0.309878
4.56823
1.64107
-0.3484
4.97607
1.69861
3.57239
4.0421
1.69743
3.65168
0.664331
2.06953
0.0306129
0.105693
4.69653
4.84375
0.978406
2.27954
4.01327
1.03816
3.26371
1.35101
1.46659
4.83001
-0.524408
0.333722
6.47519
0.145242
0.0908147
4.55265
2.01277
4.00472
-0.397277
0.0250466
6.77115
2.00535
3.51611
4.95996
-0.0623141
4.02176
5.18285
0.641726
7.4858
1.01428
2.20123
5.68442
0.980971
3.9319
-1.96958
2.52426
0.472185
-2.27919
2.23633
2.84793
5.10659
1.33902
3.88749
-2.31576
0.708877
4.01643
1.3029
3.3705
4.81811
-1.25356
2.61973
4.76712
0.999831
2.78263
-3.37086
-0.0044581
3.7826
-2.77611
1.60375
3.2964
1.0371
4.496
-3.64668
2.96009
4.85428
-0.625803
1.74482
4.24036
-0.913287
3.59904
3.83309
-0.387439
3.02409
4.7498
-0.113487
3.97749
-3.0899
0.0993806
5.20899
-2.61077
1.03959
1.19939
4.54324
-1.01566
2.87954
5.28508
1.43398
5.06449
-1.14757
2.83895
4.50668
-2.58223
1.84443
5.17065
-0.901842
0.894266
6.7865
1.04351
3.5414
-3.8388
2.29137
4.52766
-3.11538
1.99175
3.28499
4.79554
-0.673107
3.61767
-2.86491
2.50899
4.72515
3.0083
4.5811
0.368933
3.77908
5.66493
0.350702
3.01057
-3.80026
-0.182603
4.28209
0.266694
3.41688
4.91837
-2.71995
3.79189
-2.38896
-0.794708
0.55547
4.58353
-1.78645
2.33295
2.68971
-0.145217
0.474674
4.39924
-0.412834
3.67772
5.1553
-0.639195
4.80463
-1.67768
3.82286
-1.57383
2.47678
-2.88221
-2.5487
2.73565
-0.631079
-0.323224
2.79046
4.35413
-1.44935
2.08733
-4.59625
1.18992
3.31251
-2.01535
0.657464
3.35628
-2.0381
0.960682
3.86378
-2.29123
3.87712
-1.94813
-1.41003
3.87761
-0.56735
0.3009
4.53127
-0.477101
2.74861
5.00237
-1.80803
2.77455
4.95118
0.098343
2.60525
5.44963
-1.68924
3.86842
4.65396
0.405235
3.32493
3.94047
-0.453643
2.36723
4.09942
-3.26231
5.06417
5.08243
-0.114723
4.33566
0.776841
3.47666
5.10218
-0.269344
1.56111
-3.91705
0.422097
4.10879
-2.37298
-0.26652
3.78519
-2.49794
1.58014
3.72312
-1.68117
3.28544
-1.75589
-3.52845
1.16216
5.58964
-1.55594
1.11381
4.52272
-0.396616
3.80648
4.749
-0.595482
2.99648
5.09959
-0.414697
4.67987
-2.91362
-0.341191
3.76146
-4.12082
1.29827
4.33213
-4.49576
0.453509
4.26945
-4.97594
1.33666
3.28877
-2.82865
2.92605
4.23719
-0.492971
4.21213
5.02365
-1.79259
1.89556
4.51241
0.169935
2.84844
5.17741
-2.30061
1.88695
4.66589
-2.69932
0.71348
3.85907
-1.76209
4.15493
-3.35363
1.94878
5.28159
-0.356778
2.68573
-3.64048
-0.339321
2.25897
-4.67508
3.52549
3.65742
-4.29395
3.48712
3.54154
-0.699786
1.56997
4.28174
-2.25691
0.0914705
3.57211
-2.41965
1.65662
4.65912
-1.44871
2.72974
5.02835
-1.30025
4.09465
-4.35663
0.78933
5.02301
-1.33042
2.36642
5.27692
1.65166
4.47231
-4.17868
1.58623
3.65372
-4.36694
-0.540657
4.30685
-3.41054
3.18194
4.47547
-2.50111
2.51989
4.40628
-2.53223
3.77421
4.14947
-2.11588
2.63594
5.1139
-3.63048
0.293336
4.56627
-1.12105
5.43638
-3.02304
0.784275
3.53109
-3.83791
0.370789
4.42073
-2.94488
2.23104
4.80247
-1.17211
4.25991
4.65042
0.0929937
2.46257
5.31692
0.389752
2.37957
5.07319
-1.37884
4.73657
-3.86148
0.834891
3.46415
-4.49581
-0.246268
4.4879
-3.00246
2.11176
4.64673
-2.80575
1.07325
4.03018
-0.398962
2.21292
5.11456
-1.97909
2.61076
5.12403
-1.14191
2.09893
5.30995
-2.30134
2.13573
-0.892233
-2.29609
1.10591
4.66041
-0.0639324
0.883578
4.39069
0.909323
1.87625
4.92134
-0.811652
2.60115
4.86781
-2.53458
1.10084
4.22054
-1.69887
3.59887
-3.82327
0.0192946
4.32118
-0.394867
1.3585
4.63079
-3.15684
0.0898923
5.88218
-0.875522
2.10296
3.88421
-2.00124
2.28258
4.72182
-1.88861
1.78622
5.02247
-1.51243
1.95799
4.46755
-4.53055
1.08167
4.49087
-2.05403
1.42784
5.12802
-2.03841
3.96666
5.27464
-0.594011
4.07492
-3.42631
-0.290361
4.7258
-2.43591
1.79853
4.57831
-2.87438
1.49703
3.85744
-1.04114
2.76292
4.41465
-3.29
2.30339
5.1658
-2.30998
2.84061
5.37706
-1.20489
3.54429
-4.1534
-0.800179
4.33209
-3.61908
-0.871655
2.81326
5.0267
-0.236515
3.81193
-3.8529
1.22592
3.04086
-3.3998
0.282643
4.53648
5.8388
-0.688812
4.74795
-4.32986
1.17521
4.068
-3.59749
-0.679227
4.39691
-3.987
1.03772
4.26676
5.06263
-2.93333
3.892
4.36109
-2.87953
-0.614751
4.75265
5.38692
0.288872
4.83144
-5.44765
1.54894
4.05619
-0.729033
2.30592
4.86568
1.33544
0.583945
4.72217
-1.03637
4.03676
5.12996
1.05474
4.76902
4.79984
-2.55336
2.15014
6.47711
-0.26154
2.3491
-1.98434
0.17329
3.61427
5.31783
-2.04855
-0.784542
5.53319
5.98127
0.337218
3.83537
5.06559
-0.939074
4.01573
-3.59493
-3.80218
-0.478365
3.76648
5.21993
-1.36819
-0.145232
3.64836
5.35124
-2.20051
1.7604
3.93551
5.74278
0.485489
2.85425
-0.808508
-3.51178
1.89231
5.66818
-1.84224
1.49602
3.46293
-4.59199
2.8433
3.52918
3.73778
-5.03959
-0.154365
5.4392
-2.61754
-0.492814
-0.792028
-0.553496
1.10288
4.24576
-5.0829
-0.16715
5.95968
-4.08202
-0.597446
2.3001
5.39702
3.28092
0.951272
5.62827
-0.399018
2.95916
7.0048
4.33662
2.65868
-4.41881
2.8497
3.67338
-0.171361
3.08527
6.07631
-1.32362
1.95151
3.44067
-2.63579
2.96939
5.18909
-2.6087
0.272444
3.47066
4.81769
0.659375
4.42131
-3.38891
2.96318
4.39842
-2.07164
-1.31348
4.07899
5.6957
-0.37811
4.11041
5.39286
-0.286723
2.66292
4.86783
-2.29745
3.55578
-0.159557
-5.41537
3.09516
4.33011
0.456106
3.05327
5.10965
0.837467
4.39161
-1.57737
0.893516
5.32844
-0.426237
2.63918
5.74059
-3.98946
1.81952
3.86516
-0.737175
1.20106
4.94613
-2.53107
3.1804
4.54948
-1.12435
2.75175
5.14081
-1.56945
2.22615
3.91336
-0.720616
4.698
-2.93612
0.277257
4.51853
-2.05045
2.30302
-3.90455
-0.307817
2.70117
5.82736
-0.566011
1.77314
4.9155
-2.16616
3.21364
-4.68161
0.985726
4.52467
-1.58753
0.569004
4.61076
-1.7582
0.357295
4.35657
-0.549746
3.34531
5.0354
0.41998
4.15793
-0.950292
1.57986
4.74452
-0.944298
1.26829
4.96638
-1.81895
1.3245
3.93356
-3.79313
-0.466388
4.69769
-0.183071
3.55206
-3.05333
-0.731109
2.9954
-4.59389
0.40855
4.30864
-3.16712
1.67108
4.07389
-2.23847
-1.12411
-3.83226
-1.38319
3.26936
5.68606
-0.922413
4.37722
4.92239
-0.130288
4.00631
-3.98179
-0.231123
3.63872
-2.44223
1.58233
3.7897
-2.38665
1.81027
4.23114
-3.44989
0.0623553
3.99723
-2.57908
0.849086
3.12453
5.61542
-1.78358
2.40958
-2.34617
-0.235235
3.54889
-3.99048
1.30968
3.95942
5.57284
0.124614
3.50539
-3.75785
-0.0233343
3.46566
1.96318
2.21042
4.31254
-3.92729
0.0768583
3.79626
5.32423
-0.0643719
3.87755
2.39447
0.533911
3.50147
-4.25283
0.730869
2.09141
3.26309
-3.97839
-1.54272
4.45807
-4.6155
0.0647738
3.83365
5.10421
-0.345023
4.62221
5.92913
-2.41438
3.11244
5.52339
-2.0351
3.44863
4.99154
-2.51234
3.22946
5.84737
-3.64387
1.41036
3.73673
-2.25672
1.75099
4.16871
-3.6022
0.159169
3.68606
4.08882
-2.90872
0.114773
5.0515
5.14039
-1.75929
4.522
-4.2558
0.673935
5.59503
1.91958
1.45957
5.0285
1.33298
3.81465
4.36707
-3.99445
0.304545
5.75782
-2.62151
2.57353
4.57423
0.075226
5.12492
5.26718
0.707921
1.22793
5.61851
-2.05889
1.74275
4.16527
-0.300299
3.24265
4.8104
-4.86291
2.16465
0.57142
-0.159141
2.87217
4.57617
-2.98715
1.67988
5.09752
3.04165
0.987291
5.41726
-1.68619
-1.34413
6.49979
-2.11898
1.67565
2.64895
5.52304
-1.89438
2.26679
4.32463
-3.77075
2.62991
3.23369
-0.368739
-0.261464
4.56574
3.58752
2.64083
3.39861
5.03951
5.61776
-0.969572
-0.902704
4.69982
6.79594
-2.54874
1.28971
2.62611
5.10321
2.90146
2.74836
4.84692
-4.07923
-1.88419
1.70484
2.89194
0.863984
-2.46817
4.13208
5.30876
5.99684
1.74881
1.97702
5.79472
6.33843
-1.90612
-1.18373
3.64383
5.96967
-0.398263
5.40775
5.38968
3.23701
-1.10277
2.17613
6.08494
-4.18412
2.34729
5.76249
-1.10812
1.23158
2.83537
6.06537
0.370047
1.91278
4.93418
4.44529
-0.163364
5.93404
0.906061
-4.63775
-1.35784
4.20364
5.62968
-1.81655
4.99473
3.11089
3.63438
-2.06309
3.01484
5.99596
-1.87743
-0.848883
6.79843
2.65647
3.34008
0.698583
4.2281
-2.19091
1.44666
2.67082
6.13808
-4.40756
-0.0857798
4.85012
5.00673
2.77464
-0.090276
4.84741
-1.46491
0.120209
3.89997
1.75217
-0.0805094
2.85747
3.16994
6.20989
1.02754
2.70527
4.39219
7.0946
0.556752
2.40098
-1.07811
1.94294
-1.45437
0.377556
3.5028
6.83965
4.79614
-2.38928
2.29692
7.01027
-1.74357
-0.275119
5.87134
2.65764
-3.72977
2.58392
3.83251
6.87276
-2.57792
3.91106
6.26793
-3.70147
-0.198003
6.15673
-5.99813
-0.175584
0.202347
5.53776
-4.16207
1.19047
5.15355
4.95517
-3.84236
1.46968
7.1952
6.79802
0.181083
2.97644
7.41323
-1.32009
0.684996
2.15017
6.02489
-4.81526
1.1008
3.91589
5.43947
0.437728
6.22918
6.45545
-3.84567
-0.258594
4.68848
6.80453
5.19409
-0.972407
0.458048
3.58236
6.29237
-2.24951
0.767657
3.97023
7.06697
-0.89861
1.9335
7.0672
0.611219
-1.43918
4.12392
5.41813
4.52032
-3.94413
1.03843
6.82134
6.09291
2.93388
0.171903
6.79632
-5.36829
-0.684164
1.42587
6.24269
2.12112
-0.59821
0.630421
4.25312
-4.50242
-3.67769
1.44817
6.45971
-5.16152
-0.137934
4.92645
2.83528
3.49124
-2.64479
0.84407
4.78553
2.41946
3.77184
-4.29322
3.11887
7.23965
4.50865
3.93973
0.312457
7.02602
6.46832
-0.319527
2.3954
7.37096
-4.41131
-1.00531
7.57329
2.79534
-5.37089
-0.480396
3.43375
6.95407
2.75567
1.49836
4.15153
5.55704
4.20963
6.61879
5.29436
5.96891
-1.2137
1.89533
7.15573
1.98767
3.01135
7.00832
6.99674
2.87277
5.35466
4.71455
-4.30987
0.242707
2.9018
-5.30677
4.36778
5.90679
7.40042
7.42115
0.461198
5.52735
3.04283
7.6306
2.46666
2.97916
1.10886
6.5021
3.14035
0.358022
3.0415
-4.48866
0.701028
3.3082
6.99491
-1.51307
-2.14614
0.654132
5.47476
3.84418
-3.74506
1.07349
6.43281
7.30736
5.16063
6.70678
3.71572
-4.44651
-0.698864
5.53172
3.28883
-0.577619
-0.638316
1.86992
5.96738
4.40716
7.70378
-1.65357
-0.0509316
2.27493
6.82845
5.28361
-3.25739
-1.63999
3.86977
6.46636
4.99572
3.02215
5.78578
5.33527
-2.96333
0.196368
6.38953
7.60314
6.58905
-1.25046
-0.711467
6.38372
4.71403
5.09396
4.46482
-0.785998
7.14546
7.95259
-4.30749
-0.493036
3.9144
2.5901
6.00326
5.19654
6.43469
5.46709
3.68487
4.28289
-2.50194
5.74939
0.560431
6.94044
7.07038
-2.36186
-1.23682
6.49695
7.53877
5.37345
-5.08413
5.14311
3.35547
3.17813
8.12936
-3.91812
0.480945
6.59265
4.93787
6.42939
5.10739
1.66853
7.76605
7.2561
5.2807
6.75666
0.0683344
3.28655
4.74335
7.71469
1.60057
4.17069
6.44603
2.87692
6.16097
-4.00902
0.900901
6.7404
5.38932
6.48561
4.16475
5.16403
4.55031
7.75027
-3.52791
4.78135
2.64996
4.48558
-4.01824
-0.135933
0.425561
6.083
5.19935
4.97404
2.83118
0.893464
7.35142
5.67063
5.2461
0.614834
5.43123
8.15854
4.01148
-5.59609
-0.969353
4.4429
-1.23717
4.9221
-0.503857
0.947302
7.13843
7.94799
-2.14803
-0.623174
2.43448
4.54861
-4.69235
-1.80891
-0.981214
6.89675
7.15783
-1.88218
5.67474
4.62915
1.78661
-1.44008
5.08236
4.15533
7.42538
6.24398
-0.0233245
7.53484
8.46343
-4.02475
7.29757
1.15944
8.7561
7.84102
-1.8227
6.35432
7.29684
3.69795
-5.02635
5.6064
4.21111
8.73945
-5.34848
0.834166
1.00573
8.03904
-4.81053
-2.72257
2.94118
4.76245
5.51952
-0.0708055
9.4411
5.25888
6.7512
6.07054
0.243271
3.80414
5.42775
-4.64011
-0.725978
6.76793
6.00806
-5.45326
-0.649784
5.22385
-3.1533
7.10443
4.86447
7.97255
5.05032
6.22733
2.67115
3.69882
-5.6096
-1.13763
1.09151
1.39937
5.24556
-3.41873
4.6148
2.53102
6.81095
5.81319
-1.20891
-1.5785
7.46239
3.95042
6.77647
6.05687
6.66186
5.03271
-5.71245
2.82664
1.69428
6.63087
7.25078
8.18369
5.65296
5.08944
4.85813
2.45445
5.57692
3.68661
1.73737
2.34523
8.09213
-1.84668
3.94126
7.73352
7.27348
-1.53877
4.49516
0.868936
4.50662
8.47126
-1.72291
0.585989
8.01217
0.284533
2.99872
1.28412
6.66332
-4.12
-2.76051
3.9246
7.14335
-2.30108
5.01725
2.41587
2.65742
7.71903
-2.10908
6.73791
4.82681
6.2393
-3.98954
4.40546
0.543873
6.89741
1.13977
-3.56851
-0.661916
4.02971
6.25701
5.27763
0.921426
5.07875
7.52968
-1.43622
2.30915
-0.272126
6.27502
5.5679
-2.78827
4.56483
7.67556
-3.25609
4.75104
8.39177
2.19756
7.80486
4.77878
0.820496
5.56965
6.74391
-5.9945
-1.33872
5.40998
2.72204
7.86885
-3.37055
-1.42807
-0.322446
2.74894
6.26682
4.92576
-1.19105
0.119213
5.03475
-2.4971
5.66731
2.0964
2.80126
8.35778
3.26172
5.24682
2.7663
8.56516
6.17661
5.02055
5.73343
-0.524636
7.44655
5.71855
0.331937
3.67474
6.89542
8.14935
-2.70481
2.50397
8.84751
-2.42887
-0.481863
7.47913
3.20529
2.99126
5.38176
3.49103
8.34345
7.87179
6.7254
6.53155
-0.962114
3.66165
5.3569
6.58019
5.81591
-1.38397
3.13217
7.24857
-3.85447
-1.9094
4.30858
7.6542
4.46472
5.86937
-0.620185
8.14442
2.79009
7.55912
5.25796
6.61389
2.05695
6.62684
9.2075
-2.2526
5.44525
7.14766
8.62937
0.880297
-1.67376
6.59937
6.44478
7.94581
5.24161
5.71842
4.85312
5.1419
6.91752
0.834832
2.90846
1.98887
6.61954
4.64222
-4.0008
0.481481
7.59595
5.50223
5.63245
2.43405
3.91142
-3.92156
-1.42366
0.374063
8.95386
-3.87441
-1.28828
1.25617
6.97993
8.1952
-3.793
4.15483
5.75116
2.02752
4.40093
-1.47159
5.81941
8.0559
7.00654
-4.21332
1.34424
7.05758
6.16382
-2.64978
1.27383
2.69493
3.90054
-3.93617
-1.67338
7.32991
2.27918
4.57508
-2.41293
5.97344
2.52221
6.2218
6.02566
2.75291
0.925048
7.74205
3.80167
4.35556
1.95961
1.93871
4.70705
7.20063
-2.05265
6.6976
7.29402
5.03228
-0.0863348
6.76616
9.00123
4.09206
-0.420867
5.0689
8.02036
-0.248697
0.205482
1.05329
8.06504
6.36847
-2.9825
2.90741
7.23569
7.62596
-1.89516
7.85189
3.86501
-4.62107
3.70549
8.35297
-6.91197
-2.15641
5.17202
3.71152
-2.79736
-1.00055
6.27752
7.64177
5.78068
5.24044
4.60499
1.67441
3.35419
5.49373
8.31047
5.04274
5.60528
3.79324
6.16028
7.18039
5.43508
5.76316
-3.87143
6.21681
-0.375597
6.95755
7.91236
4.71708
-0.234557
0.59203
3.07786
-5.70325
2.44029
0.359182
3.82372
4.76828
5.37519
6.39645
6.33075
8.10476
8.28276
5.67762
-0.324371
3.89927
7.88149
4.97211
-1.59141
4.75945
4.93163
5.08582
5.1406
3.1528
6.65972
-2.44408
0.493611
3.41429
4.81705
-3.55402
0.575696
5.96713
7.53944
8.57721
-3.31363
5.54376
4.99888
7.97671
1.60498
-4.11769
-1.89679
5.21725
5.77396
7.13174
-4.52953
8.47744
6.36289
-4.72055
0.0688953
3.95142
4.91333
4.46527
-4.0766
5.5938
7.69919
4.78096
3.39611
7.50978
4.39596
8.32879
-2.48446
1.95297
4.81497
3.56746
3.07522
5.48072
-1.39913
1.74322
5.36265
8.33607
5.45809
0.200734
7.80199
6.04079
8.21628
6.38494
5.00684
5.64221
6.87119
9.2231
4.22157
-4.75469
-1.05235
0.739872
2.988
8.97766
5.53279
-0.0397585
2.46714
4.75171
-1.7071
5.25712
7.11603
4.72202
-5.48278
5.17283
4.51998
0.0241364
4.06715
4.23051
6.31746
6.32729
7.4016
3.58397
8.60846
-3.66251
4.92121
0.0495223
7.35235
9.26416
-4.83812
5.84445
3.40021
4.81022
-4.01301
-0.799462
4.45012
2.98986
4.21274
5.51836
-3.0419
0.486666
7.38367
8.48971
8.30924
6.0864
6.80536
6.88266
7.37719
6.59576
4.5876
8.48345
8.74139
4.39309
9.63317
-2.80225
6.66737
6.80829
7.83477
4.57526
7.90581
7.6164
-0.40921
4.45677
8.33238
2.74154
6.18677
5.77279
6.44159
2.55128
7.94047
8.06876
-1.22914
6.25695
6.12151
1.61182
1.27956
5.04497
9.50115
8.49032
5.38244
6.90008
3.89755
3.69258
7.96802
-2.70426
7.41496
5.10025
-5.23759
-2.48775
-0.423118
1.63609
5.73792
9.43683
-2.35391
3.45124
-4.03464
-2.23662
-1.88298
8.47347
8.69705
5.03743
-1.11995
5.26774
8.23395
7.99339
8.03199
-1.24058
2.13072
9.37177
4.13533
4.88337
6.68877
3.91683
9.0744
7.74276
5.14354
2.54023
7.24237
5.61185
5.81319
3.36271
8.23076
-1.13807
0.351091
6.18459
0.954353
7.54984
8.88175
-3.03894
-0.542804
6.62871
10.4005
9.43567
-2.14596
2.06896
1.07996
8.01891
7.77993
6.01444
6.99165
8.65166
8.34503
8.66313
7.06308
0.622663
0.116404
8.67906
5.87657
-4.57229
5.09777
7.24139
9.47599
6.13025
-2.68016
0.163818
8.63481
9.3608
-0.988933
7.07537
2.6266
5.90385
9.63825
4.25075
5.19572
3.58815
9.32008
7.31149
8.9183
7.16852
-2.16065
7.01229
10.1535
-3.52545
-2.55028
0.245724
7.91647
8.61449
-4.38995
6.22845
0.421966
2.27058
3.63441
6.82714
6.39463
2.21092
9.46032
5.70415
7.67572
9.09706
4.51896
2.10031
1.70964
7.44561
8.5282
5.22544
6.41324
2.89484
8.22958
-0.241302
7.44487
8.71687
8.02721
-1.90409
-0.204046
3.09655
-6.36906
7.21502
8.88558
4.52837
0.259979
5.91443
3.41247
3.49793
5.4089
5.54895
3.93088
4.2631
7.15377
7.59412
5.39272
5.11186
5.99858
4.91616
8.18079
8.53861
4.68073
1.14597
3.95223
6.54536
-3.55694
2.55722
7.53851
9.24031
5.30937
9.25774
9.3243
8.66134
-0.898095
7.72513
3.47141
9.16357
-3.99908
-2.51143
5.73252
9.5183
4.79309
-0.515368
3.13394
8.24725
1.47395
9.49854
-2.89928
7.15412
8.27712
10.2623
-2.04183
6.49688
8.33699
9.34228
5.97759
0.453234
3.41701
8.3697
2.74029
1.07325
7.71267
9.51575
8.06289
-3.08868
-0.675022
5.83902
9.45386
8.70052
6.47381
1.10513
4.46044
6.23903
-2.62981
7.26943
8.71426
9.69459
-1.55141
8.30825
9.82875
7.95068
1.88277
2.80841
4.60831
-0.277559
7.3416
6.48506
7.84596
4.6648
2.37943
9.21867
-3.96788
7.3427
3.74779
8.97859
8.90005
0.0365758
6.94371
1.2577
9.09431
5.5896
5.7025
2.87511
9.24695
3.72252
4.50074
-4.4588
0.156426
2.6611
9.16246
-2.21553
6.6211
9.06602
8.77011
5.41454
6.71338
3.41618
8.23851
10.2639
5.51788
8.18532
9.62219
9.09855
-1.7825
6.87282
8.44973
4.0651
5.78817
9.36808
10.1012
9.23158
7.15481
9.34187
7.1992
-5.00326
6.14223
2.1494
7.60106
8.6296
10.6086
6.37648
5.93115
7.97516
2.36429
9.58169
4.18886
4.64501
10.8373
8.84432
10.6136
4.41588
8.55941
8.56133
9.76718
0.887407
8.82468
9.1513
-4.10731
5.91008
7.52972
9.43012
9.10324
6.13854
5.30778
0.65093
4.21869
-1.76153
9.01482
6.7467
10.1075
9.79454
10.9034
6.4946
9.39805
9.50773
7.34975
9.64754
-3.02625
5.90999
9.52207
3.58914
9.85026
6.79227
0.345912
8.99287
9.01039
5.39368
-0.432159
4.42682
8.26232
9.69998
4.96709
-0.803116
0.0639645
8.66157
5.83127
6.69398
-0.414516
8.90685
9.34533
9.30417
5.26996
-3.09695
-0.861535
7.02683
8.83403
5.89437
5.69868
4.88728
3.28335
9.55052
9.05416
9.05035
8.68426
8.61234
6.73277
0.22964
7.1472
9.2323
4.24178
4.3893
5.32704
3.67672
9.09083
0.234068
4.80136
-5.25582
0.881429
8.85069
-4.34461
1.21368
0.565499
9.67572
4.26321
10.3665
-2.54977
-0.430407
9.41593
5.29728
-2.8475
-1.23287
1.58327
9.09789
4.6101
8.23862
9.45514
9.20809
5.91646
3.93492
6.85205
2.64557
9.94806
4.29518
-0.325272
6.85931
8.69206
6.03134
6.27163
7.03747
5.93205
6.64423
8.34988
5.38029
2.56187
0.906953
-1.65975
5.13849
1.4362
1.50873
10.1942
7.02995
3.82668
8.70013
9.26244
10.6231
7.54403
7.59113
7.01041
8.42859
9.48232
-2.38655
7.13381
8.88963
5.50095
6.37267
8.01032
9.09213
10.4063
-3.92198
9.14461
-0.172101
3.25307
5.01091
-3.07156
-3.38929
8.0328
10.0483
-1.51396
9.0156
8.9688
6.9969
8.38602
10.1683
9.89045
-4.49795
-0.52748
8.76034
2.35291
8.98146
8.97251
8.82717
3.52579
8.76937
10.5488
5.96142
-0.687564
2.81275
3.10724
8.71482
6.8443
2.43102
9.69527
3.47684
-0.678863
6.29591
4.85422
9.90841
5.25058
5.7933
9.04883
9.93402
1.40102
6.71933
8.73999
9.74213
-1.73985
5.75945
6.75195
8.71885
9.7875
10.1715
6.90999
5.18935
8.36311
1.02826
5.43459
3.49633
-4.34523
-3.12658
9.18823
-0.0356522
9.71798
3.12842
5.69134
7.2588
5.09172
9.90582
9.9554
6.76334
6.46979
1.09362
9.60714
9.47141
6.17935
8.95882
8.46971
5.32575
-4.88537
6.94083
4.70237
7.22186
9.30426
9.16215
4.21565
5.59783
-0.412463
2.71061
9.17953
9.36626
5.58898
-0.79799
7.43617
8.85594
9.46063
-0.995709
1.34916
4.03548
9.43084
4.65596
6.63036
2.03929
9.27988
6.54331
-2.82932
-0.165843
7.56391
2.929
8.75131
8.98558
-5.28286
7.13074
6.6384
0.463971
9.81522
-4.49529
6.32203
9.6823
3.74245
7.05015
-4.21834
-2.20247
6.91653
2.65058
4.54199
10.2531
5.77731
2.17428
7.68913
5.00441
5.21341
6.93249
-4.08763
6.26935
8.971
6.20861
9.56929
9.03447
5.0639
7.269
3.77864
6.6237
8.70657
-0.71427
7.72698
9.60794
10.0602
6.61695
9.70674
4.48464
5.735
7.02929
8.88665
10.797
3.91552
5.07185
-0.456112
-1.50157
-1.68496
-0.440564
9.66827
9.34976
4.39846
8.23608
8.14911
8.22163
9.1071
10.8629
-3.44408
5.46573
7.5906
4.81746
8.27553
-3.01787
-0.330832
9.587
6.38192
9.18314
10.9743
1.93607
-1.81253
8.26816
5.65103
10.5793
8.18264
-3.10939
10.9517
9.02284
2.65959
10.3154
4.51499
-3.20662
-0.33315
1.90882
10.2253
8.50349
5.69636
7.84133
9.48869
5.58367
3.9806
-1.14903
7.59447
-0.843194
9.19211
9.47214
-2.66461
6.33608
10.0184
9.85614
9.99863
7.22243
0.97242
8.80711
1.42508
-0.483034
7.36826
1.11672
9.50293
3.60457
9.37721
10.4621
-3.54869
6.96903
8.21876
1.36873
4.44273
1.32883
9.84897
7.75184
5.51664
8.84199
10.3757
4.75222
-1.40062
3.63215
7.31038
10.9816
3.70088
7.08073
5.5615
3.03214
7.26367
8.50494
9.49216
6.17181
6.82758
4.82133
-2.30962
11.2424
8.9443
9.84374
11.4905
2.15316
3.75282
8.45353
9.25494
3.58924
11.5001
-1.36882
10.2724
2.07438
10.613
0.813317
1.02484
4.20799
-1.41786
6.44664
9.23941
7.71571
6.39387
1.73213
7.84267
8.49777
10.648
10.3264
8.80524
0.928247
2.45365
7.76811
9.11194
9.70072
10.7404
10.1877
10.7538
11.9495
7.96783
9.44789
-3.33266
12.9058
9.76754
8.21237
9.24335
10.3957
9.56675
4.86578
-0.779044
9.06179
9.70833
5.50227
9.35836
4.52758
-0.672772
7.389
11.3661
12.2178
-0.855717
1.50611
3.89116
10.8069
8.08252
9.0772
3.81445
-3.30524
-0.82074
8.30806
10.4969
-6.3607
-1.58612
5.3572
8.94234
3.9248
10.4168
3.04513
7.2919
6.14825
4.46833
-3.89856
-2.14338
-0.233005
0.237745
4.22779
6.83054
1.51853
3.30624
-2.8257
2.29053
-1.162
8.18217
8.9371
-0.376499
8.03183
9.54728
7.08389
8.44715
11.1282
2.54299
6.58501
1.64283
4.63821
0.480249
-0.966425
1.39964
8.69148
4.34263
9.61907
10.4195
-1.76686
1.36901
3.30669
4.93255
12.3958
9.9135
8.2864
8.212
-3.48687
-1.98115
2.99974
2.59008
10.087
10.9864
4.27913
-2.18102
1.24099
7.42128
6.0848
10.0943
8.99665
7.52201
-2.12076
-2.09951
6.97863
2.56481
11.922
11.756
11.3109
12.8472
10.3905
6.41688
11.1188
10.1292
4.08865
11.2402
7.14324
6.43758
12.1347
1.47948
11.7256
-3.85389
9.29148
1.1235
7.02153
8.44915
10.457
5.08096
3.7642
12.409
1.38002
11.5774
6.30967
-0.488771
10.8116
9.55681
10.1581
10.9742
-0.940805
8.69547
12.89
7.41711
-1.18042
11.1171
-0.145557
6.96998
11.3185
5.52626
8.08066
10.7282
5.96869
10.8876
11.0067
6.58799
7.67217
1.3417
11.5959
9.13091
0.451505
0.667994
10.0247
9.15058
6.65328
7.70317
9.91034
5.24209
-3.33322
9.75978
9.33675
9.60203
6.87902
10.6446
10.1856
9.19568
2.6443
3.40051
5.48655
10.555
11.7691
6.78508
8.00143
6.95483
11.0273
8.81611
9.87174
1.47501
7.19795
10.137
2.98066
10.7807
-4.64304
-1.05664
11.3802
1.6413
10.082
5.17078
2.61499
-0.572273
8.4965
-0.203421
11.0536
9.50683
13.2749
7.04359
-0.960908
1.77596
6.09717
8.97478
9.27228
7.23157
8.04469
7.03476
10.507
10.2712
-3.81789
5.32027
8.32669
9.27144
10.4689
5.53209
6.90853
11.2337
7.24248
4.05464
6.1266
7.2681
9.70136
1.21468
9.41448
11.8693
-4.45508
-3.31377
1.63899
3.19329
10.0188
4.87882
10.7616
1.64035
4.38644
7.15973
3.7527
-1.52016
5.72181
9.23939
6.33178
10.1095
10.4602
0.649231
3.73671
8.10599
3.22181
-0.973328
11.8198
3.73201
5.37904
11.2338
10.3477
10.2722
10.3489
2.40163
9.7593
8.66378
8.75515
-5.01452
8.77907
8.38778
8.72756
8.31382
5.75178
-0.700104
9.52425
9.70633
5.86081
10.2297
-3.78515
-4.49444
-0.798211
9.20922
7.65267
11.7542
4.46572
10.0855
6.88001
10.018
1.42421
2.92623
10.4596
2.20743
10.2925
5.84365
0.647558
6.84994
4.9945
9.18355
9.79634
10.4995
10.8315
7.21004
10.1652
8.01973
8.47378
9.79979
10.006
-4.66492
-1.90657
-0.834134
6.89439
-1.99798
0.498179
10.1321
2.56536
9.51765
3.59169
8.94932
6.72059
6.5733
10.0663
10.3469
10.0019
11.5003
10.2855
4.38008
9.00438
5.90586
-1.82648
3.46176
8.68252
9.68365
-0.822272
10.4527
4.09622
4.96073
9.20993
6.66776
11.8368
-4.43959
3.76661
8.64341
1.74439
9.72185
10.3385
7.91253
3.5359
9.2763
10.8631
10.2606
3.30924
4.78358
4.741
7.44922
6.1496
3.14029
-0.13669
10.6852
8.52026
-0.810163
5.76166
11.9784
5.86406
10.1143
5.16191
7.6354
3.71711
0.992447
9.935
6.52991
6.5068
0.610317
8.4147
9.91891
7.26852
6.49317
7.0041
7.36007
-3.13255
12.13
8.13682
10.4781
3.91206
11.4889
7.07529
8.51634
7.40868
8.86878
-0.770337
9.37613
4.65267
3.47322
11.17
11.2847
6.7707
9.82567
5.7239
8.30874
3.67982
10.2137
7.58543
5.36417
8.95506
8.17063
10.7654
0.302193
10.1594
9.0846
-4.65751
11.8036
8.01542
8.07316
12.1833
5.92825
10.9535
10.4652
11.984
4.04624
10.327
9.00212
7.83653
11.7318
7.17341
3.05128
10.0461
9.73468
5.67014
8.78902
0.95939
3.41051
3.70861
12.2215
10.0635
12.5241
9.45479
9.29092
8.44503
13.6702
10.7497
6.19547
7.84026
3.72923
12.1763
-1.72622
5.20157
4.33375
6.29062
4.3971
-3.55154
7.01408
12.6511
7.53265
10.6293
10.2009
7.64459
1.2359
0.979663
7.99516
2.80587
7.99859
7.81265
2.2177
-2.40758
-1.11588
7.23097
7.08588
4.72187
10.608
3.03354
-1.82288
7.09775
10.2204
9.79456
10.7618
5.94113
5.3298
-1.0537
11.3502
0.277293
0.471426
8.09247
10.2449
-0.680441
12.9771
6.57536
2.68091
8.70011
7.27667
10.7197
9.50576
14.6124
8.37749
9.47795
-3.96647
6.51888
5.56933
8.67316
9.24623
7.86907
2.42583
10.0033
1.07776
5.39807
10.9695
-5.45855
-1.72965
5.63195
4.89538
3.83613
12.1
12.1939
8.16275
9.20099
-4.37814
5.05989
3.79226
1.36796
2.47494
10.3665
3.03002
10.2059
10.368
9.92718
9.3279
6.76567
12.276
4.32211
7.00895
-4.57839
5.10948
7.39386
10.393
4.53493
-5.51155
4.99665
7.42305
5.65531
14.293
7.99965
11.4801
6.06384
0.988904
11.383
6.86385
3.86871
3.65383
-0.320919
2.02267
11.0509
1.72689
5.51383
3.43738
10.3737
8.0022
3.92143
10.6025
3.43138
9.44379
11.1541
4.55204
11.1658
-1.13279
6.8419
7.72379
13.2031
8.91256
6.82095
12.5642
4.05341
13.3782
6.30747
7.3014
-0.0421134
7.95494
6.19768
5.73813
4.84359
-5.6576
7.43045
0.917792
0.563537
8.46566
11.9101
7.71664
6.73951
7.20277
10.9028
10.2511
10.4244
7.91876
11.6144
4.76062
6.04988
7.32512
9.71683
-1.24888
7.65181
7.1975
3.19303
4.14502
12.2493
6.07531
-4.05771
5.9889
1.13159
8.81366
4.13618
14.0708
12.9678
6.61632
11.9144
3.55144
7.83705
1.1632
13.2151
10.7701
5.92442
1.83477
4.59616
3.9451
10.6709
11.5799
7.37179
11.4902
-1.13393
12.9016
10.0583
6.35445
7.75122
10.9163
10.886
10.9178
3.76958
0.135102
-0.979533
1.89136
12.5498
3.25219
5.81055
12.5061
11.8177
4.35924
-2.61298
-4.283
7.90038
11.7163
0.201343
11.5968
11.0804
4.90188
-3.07169
7.7993
7.36316
10.8559
6.30567
3.00497
12.8498
7.28926
9.94694
9.81925
7.99582
-0.604051
8.07229
2.46797
6.61834
9.84712
6.118
5.12433
8.93511
11.6156
-2.11998
9.44119
10.6396
5.85261
8.42976
11.1624
6.28004
5.17872
2.63725
8.63984
10.998
11.8023
7.99797
-4.07938
10.842
11.8073
5.53412
10.8233
7.47513
4.89429
-3.21279
7.14982
6.8095
8.02983
4.31629
4.56625
10.9338
7.09396
2.94134
9.12596
12.3031
3.68462
9.84126
13.0292
3.08335
12.0225
2.73532
6.10398
9.08151
9.96881
7.83289
11.3171
10.4793
11.2725
-5.58467
-4.31527
7.55503
3.42053
12.6079
7.14105
11.2577
-2.83152
1.08826
1.4353
9.53928
6.40418
5.23652
5.08781
6.72598
6.83115
8.41302
6.17823
9.96832
7.44927
10.4179
12.8181
-1.77544
6.51655
2.68717
8.35175
9.22151
5.80665
6.81408
1.46501
3.55176
4.91752
0.550989
9.52539
5.62378
11.7772
11.6242
7.82369
11.0585
4.57468
10.5453
-5.37976
-2.23146
1.9388
10.5695
10.5622
4.9342
8.47505
-3.36688
0.651237
7.49807
11.313
1.58933
9.57204
7.77416
10.7434
9.3344
10.6773
3.85444
8.89201
1.00203
3.40322
0.0977003
1.22889
9.17261
0.958944
8.96701
9.46377
11.3623
7.65628
-4.3212
0.990757
9.28703
12.032
8.38709
5.245
10.1412
8.97264
3.81452
10.1815
10.2822
-1.04586
0.421508
2.76133
7.1515
10.3869
13.5111
8.2551
5.51669
5.46533
6.14327
10.399
5.74561
7.70072
-0.763007
6.41134
1.16409
1.3753
-3.75085
4.14836
0.42687
9.72371
7.09607
7.74778
-2.87927
8.57949
12.66
9.38421
-5.07575
-4.21899
2.91375
0.933212
10.6014
11.0541
6.44197
11.3163
7.26881
4.00203
11.6668
5.64575
10.7529
5.69627
5.89595
7.6805
7.89323
10.0441
9.62903
4.56098
10.8146
9.69772
-0.55865
9.64497
8.97626
9.4661
11.2766
-3.32547
9.64742
12.2551
7.2117
14.3646
7.52191
9.82608
11.8048
7.60576
10.5275
-4.02102
-3.7634
10.2157
6.83999
12.4327
-3.67548
-1.52012
-0.276561
8.37732
7.82359
8.75092
2.90832
4.27455
9.61546
-1.12261
0.945047
14.0452
7.97988
8.16961
10.999
10.4814
1.59219
6.9508
6.98881
10.3886
6.93174
2.83343
10.1572
13.732
7.91057
12.8433
11.8147
6.87552
4.12678
-2.24811
10.6763
7.80396
10.3878
-4.55049
-0.599208
7.97791
1.76624
2.47971
11.3737
-2.49005
13.962
11.6689
9.32434
4.76755
10.6021
11.9677
10.8853
0.627776
2.73534
4.16195
7.88029
5.80036
8.22993
12.3026
5.67294
4.4592
10.3779
12.1773
-0.790461
2.73413
2.48156
5.33714
5.51417
0.122779
7.23773
5.07554
5.02355
3.23923
3.29119
6.93975
12.6946
-3.11234
-1.43937
0.487211
2.45688
11.4823
10.6519
6.2708
-1.93877
13.4409
9.86397
10.8543
12.3316
-4.25804
13.2949
-3.0132
5.52184
8.3685
10.2499
11.6058
12.8001
11.5991
2.5235
3.5779
12.0478
0.623365
12.0983
8.9799
0.922302
12.9687
5.91548
2.97184
11.1241
3.70892
9.06048
2.09074
5.75159
7.37448
1.68777
6.59745
1.57456
12.2609
11.0371
8.27389
11.9256
6.63748
0.757769
9.23342
6.926
10.7604
11.6786
6.23093
0.923293
8.3773
12.7546
11.9228
10.9351
6.7996
9.93153
5.02162
7.37624
0.236507
0.132071
10.7832
5.04422
6.37695
5.27364
10.0986
13.1001
11.6204
6.28898
1.61987
-5.10768
7.13963
5.7591
11.4685
7.93563
8.81991
-2.49691
5.87267
7.4225
10.0945
10.3613
10.5484
5.38192
8.00824
9.30304
5.72673
7.7223
13.4356
11.35
6.54624
7.0518
-1.94295
13.991
7.86914
3.61066
8.57565
9.5529
11.3412
7.7376
-3.4728
1.33164
9.93709
7.68012
4.88049
10.7771
4.2641
8.85805
5.54585
11.7657
13.2153
12.8827
13.5566
10.6756
6.45955
7.49766
4.81
13.2222
8.23138
7.21427
9.85797
-0.230118
0.143615
8.60347
11.6652
7.7712
-3.74942
13.8528
-0.554717
4.14439
5.14509
7.27544
12.4337
10.4884
11.5249
11.0189
14.643
9.72525
12.1901
11.9445
-3.41025
10.0412
7.77713
2.54577
13.8301
12.0819
8.7426
10.5855
1.19525
-1.08354
11.506
11.46
12.3759
8.47566
-0.614
5.10405
1.26869
12.1715
11.3674
10.5924
11.5833
6.36212
10.7913
11.2719
7.95935
7.28594
7.60324
11.2608
1.74724
7.42832
10.635
2.83345
12.6004
8.92023
11.8114
11.0503
9.83226
-3.40095
8.256
7.03856
12.8928
12.2572
11.4813
1.53821
10.7549
5.6533
15.2571
-1.63593
13.0342
2.02897
11.2327
11.1136
3.1369
13.9894
7.44928
12.5373
7.79648
13.0258
11.7452
7.77379
9.28077
10.9603
6.11547
-4.63763
6.83203
3.61692
10.2146
14.8836
6.9621
8.38028
7.78595
11.6251
6.18848
11.4236
4.55575
-4.25165
1.29398
8.44197
7.83776
8.02531
4.27451
7.60675
12.3373
-2.31904
1.18648
-0.597098
5.04323
0.548966
6.31728
10.5076
11.6291
6.83167
9.54056
6.46651
10.5705
7.66692
11.5687
8.79231
10.5922
8.1564
14.9683
10.3029
3.70828
15.8963
10.0687
13.7081
9.18446
15.4955
2.35821
11.5909
7.88603
6.9768
7.18687
9.0037
-1.33725
4.20918
8.18585
-7.78679
7.86458
8.42922
4.19665
11.5314
14.1491
12.0771
-2.42256
12.5447
8.44848
7.72875
5.78803
10.0521
3.91843
9.69804
11.3375
7.47843
7.83195
9.30376
-3.03728
1.19179
6.11575
12.8652
9.45722
1.03289
7.18548
12.2717
7.07307
11.8312
11.8696
8.32215
9.68622
10.6578
2.26822
9.70268
9.56948
5.55326
7.68772
7.67449
11.6313
10.9806
9.52752
-4.24746
3.18825
8.82858
8.6039
11.6485
4.65627
10.8518
11.4129
6.89607
10.2887
7.88235
9.04036
4.5453
8.76744
7.74459
11.329
3.44833
-1.73422
9.1883
12.5417
7.80519
6.86457
10.4391
9.22373
1.50393
8.67492
12.2455
9.5977
11.7674
-0.772649
10.7238
6.31243
8.13444
11.1099
11.2502
11.2926
6.94848
13.794
10.3501
11.2676
-1.75883
11.7786
6.29523
-4.88126
9.02
3.41776
9.76104
8.53941
9.64076
6.88593
12.3615
9.61828
14.1742
10.7743
7.42378
5.31906
6.60424
9.76443
11.6948
12.1506
4.07543
12.941
-2.3204
10.3196
10.6452
11.7394
7.0542
14.354
7.58554
7.10581
4.47543
6.96527
8.15179
7.80662
-3.98499
-1.39053
8.69458
4.50651
14.9687
11.0765
11.4929
3.18151
10.8482
6.73836
9.06917
5.19611
5.7969
9.71313
11.1452
11.1221
8.40656
9.79961
13.6109
10.0764
15.302
11.2055
-3.37408
4.77312
6.25115
12.939
7.77935
-4.76208
13.072
10.5234
7.27422
11.3595
3.81496
6.72942
6.79308
9.79462
8.96361
11.1603
6.9434
11.9185
11.4023
6.23245
4.72429
10.0876
11.3966
8.66554
10.5088
13.5632
11.8036
9.04849
8.08835
9.7024
8.1363
8.62315
12.6473
8.11736
8.99178
10.7394
12.6818
14.8338
6.8697
10.057
2.75857
-2.08138
2.43946
4.7321
13.4064
15.54
13.0814
12.6457
11.8374
10.0683
-0.658632
7.16068
6.56034
13.009
13.6202
8.46803
11.9404
6.3407
6.65429
10.2216
7.70013
9.74752
12.3339
12.0156
7.37349
8.9128
8.48517
9.28137
6.40644
11.5935
5.82771
12.9954
-3.29714
6.38518
8.10819
8.71784
4.25024
7.92246
9.38299
9.92766
11.1719
7.7999
-0.0356344
2.9171
14.1766
10.4976
5.01092
11.2589
11.1397
11.4892
0.511347
6.09359
0.836804
13.0439
12.2705
9.83028
2.41343
11.0748
-1.65448
5.40074
10.4411
12.0251
11.4352
5.91542
3.15905
6.1865
-1.23603
12.2774
5.39184
3.51464
8.17942
11.4642
2.97872
11.5999
11.532
13.9746
4.17175
12.1886
11.1795
7.6542
10.488
12.1479
6.24304
0.978468
7.68501
11.2538
11.1043
7.72454
13.3803
8.11173
12.5989
13.0173
7.51553
9.0091
9.99715
0.675084
5.67467
6.43464
