8.499999999999979
5.2999999999999945
6.999999999999991
3.900000000000002
0.4999999999999999
7.19999999999999
2.1000000000000005
6.39999999999999
0.2
11.999999999999966
2.3000000000000016
0.7
2.500000000000001
1.2
0.0999999999999999
17.899999999999984
19.70000000000002
7.299999999999987
12.999999999999966
16.699999999999978
12.599999999999966
0.4
2.0000000000000004
5.999999999999996
0.30000000000000004
3.3000000000000016
3.1000000000000023
3.400000000000003
2.8000000000000016
3.1000000000000014
2.500000000000001
3.800000000000002
2.2000000000000006
8.19999999999998
2.2000000000000006
8.09999999999998
5.299999999999997
8.199999999999983
0.19999999999999996
4.899999999999999
2.4000000000000017
0.7999999999999997
1.4000000000000017
4.200000000000002
5.499999999999993
2.4000000000000017
7.699999999999983
2.900000000000002
1.7000000000000013
3.900000000000002
0.5
2.800000000000002
0.7
2.800000000000001
0.1
2.400000000000001
0.2
1.7000000000000004
4.300000000000002
2.000000000000002
1.4000000000000001
0.7
1.2000000000000006
1.4000000000000001
2.5000000000000018
-0.10000000000000003
14.199999999999939
2.600000000000002
0.29999999999999993
0.7000000000000004
0.7
1.9000000000000006
3.9000000000000052
1.8000000000000012
1.2000000000000006
0.6
1.3
0.4999999999999999
3.3000000000000025
0.9999999999999999
4.5
10.299999999999972
6.39999999999999
0.30000000000000004
0.7
0.2
1.7000000000000004
0.6
0.7999999999999999
3.600000000000004
2.0000000000000004
2.0000000000000013
1.0000000000000002
0.5
9.599999999999977
1.3
1.8000000000000005
2.5000000000000018
6.099999999999994
1.7000000000000004
1.3000000000000012
1.9000000000000006
18.89999999999997
1.1000000000000003
0.29999999999999993
-0.5
4.999999999999997
-0.20000000000000015
6.099999999999995
0.2999999999999999
9.99999999999997
2.700000000000002
1.1000000000000005
5.399999999999998
1.5000000000000002
1.4000000000000001
4.899999999999997
0.8999999999999999
0.4
1.5000000000000009
7.799999999999977
1.6000000000000008
2.7000000000000015
6.799999999999994
3.000000000000002
1.0999999999999999
1.0999999999999999
0.5
0
2.5000000000000036
0.7999999999999997
0
0.3999999999999999
4.799999999999998
3.7000000000000024
1.2
7.799999999999985
0.2
1.2
1.6000000000000003
7.999999999999984
2.1000000000000005
0.2
0.6
0.9999999999999999
2.1000000000000014
0.7
2.3000000000000016
8.599999999999982
0
10.099999999999978
2.800000000000001
-0.8
4.199999999999999
0.30000000000000004
6.499999999999993
0.2
-0.10000000000000014
1.3
1.0999999999999999
5.099999999999999
6.499999999999994
0
0.4
2.400000000000001
7.499999999999986
0.7
0.8999999999999999
6.699999999999989
2.3000000000000007
10.799999999999976
0.3
0.4
0.2
1.9000000000000006
1.2
1.6000000000000003
1.2
0.6
0.8999999999999999
0.1
4.300000000000002
3.3000000000000025
7.699999999999988
4.200000000000002
0
4.000000000000002
1.7000000000000004
2.600000000000001
0.09999999999999998
0.8999999999999999
6.799999999999992
9.599999999999982
0.9000000000000004
3.1000000000000014
6.499999999999993
0
2.2000000000000006
3.800000000000002
0
6.499999999999993
2.0000000000000004
0
0
10.699999999999976
5.099999999999998
2.0000000000000004
0
1.6000000000000003
4.000000000000002
1.6000000000000003
9.799999999999978
0.9999999999999999
1.5000000000000002
7.999999999999988
1.7000000000000004
5.599999999999994
1.7000000000000004
5.1999999999999975
4.300000000000001
2.400000000000001
4.8999999999999995
2.700000000000001
8.499999999999988
0.8999999999999999
1.6000000000000003
3.3000000000000016
0.2
0.30000000000000004
2.0000000000000004
0.7999999999999999
0.7999999999999999
0.30000000000000004
3.6000000000000028
0.30000000000000004
1.5000000000000002
15.29999999999996
5.999999999999994
0.2
3.1000000000000014
7.799999999999988
0
0.30000000000000004
0.9999999999999999
2.1000000000000005
3.000000000000002
3.1000000000000014
3.0000000000000013
5.4999999999999964
18.29999999999998
3.1000000000000014
3.2000000000000015
9.599999999999982
1.8000000000000005
5.299999999999997
6.999999999999991
9.69999999999998
1.2
0.5
0.1
0.7
20.700000000000028
3.3000000000000016
2.800000000000002
5.1999999999999975
1.9000000000000006
8.799999999999985
3.2000000000000015
8.399999999999983
2.800000000000001
2.0000000000000013
1.2
6.799999999999992
0.2
2.2000000000000015
1.0999999999999999
4.5
0.30000000000000004
9.699999999999982
2.500000000000001
7.29999999999999
3.900000000000002
16.899999999999974
0.6
10.199999999999978
1.4000000000000008
0.30000000000000004
10.599999999999978
1.2
-0.20000000000000015
2.0000000000000004
1.3
5.699999999999996
1.4000000000000001
3.2000000000000015
11.799999999999972
26.900000000000126
0
13.199999999999966
2.600000000000001
4.4
8.999999999999984
0.4
6.899999999999992
0.7999999999999999
1.8000000000000005
9.699999999999982
-0.6000000000000001
1.6000000000000003
16.89999999999997
0.4999999999999999
12.199999999999973
9.399999999999979
9.699999999999982
6.499999999999993
12.099999999999973
8.499999999999982
3.4000000000000017
0.6
13.899999999999963
0.7999999999999999
0.30000000000000004
5.4999999999999964
1.7000000000000004
6.299999999999994
4.999999999999999
5.699999999999996
2.0000000000000004
2.2000000000000006
3.900000000000002
1.2
-0.10000000000000003
2.0000000000000004
10.999999999999977
4.6
7.49999999999999
7.699999999999989
13.999999999999963
14.399999999999967
4.000000000000002
5.899999999999996
11.299999999999972
2.400000000000001
13.599999999999968
8.299999999999983
0.4
7.499999999999989
3.6000000000000028
20.00000000000003
12.599999999999971
1.4000000000000001
24.70000000000008
15.299999999999958
7.099999999999991
3.2000000000000015
7.899999999999988
32.8000000000002
9.99999999999998
13.299999999999965
0.4
1.6000000000000003
10.09999999999998
4.300000000000002
29.20000000000016
52.400000000000496
37.100000000000264
60.600000000000634
2.2000000000000015
13.399999999999968
5.5999999999999925
20.80000000000004
7.999999999999988
34.800000000000246
8.699999999999982
16.29999999999996
4.100000000000001
13.099999999999966
1.0999999999999999
18.299999999999986
12.699999999999967
9.099999999999984
13.799999999999963
12.999999999999966
48.200000000000436
3.700000000000002
2.0000000000000004
0
6.699999999999992
55.70000000000055
12.699999999999969
0.8999999999999999
0.4
4.999999999999998
2.400000000000001
16.69999999999997
13.999999999999968
7.899999999999989
32.6000000000002
12.99999999999997
19.60000000000001
7.299999999999991
7.799999999999985
3.600000000000002
54.90000000000053
7.499999999999989
8.399999999999983
30.400000000000176
6.5999999999999925
4.799999999999999
26.2000000000001
0.6
26.900000000000126
16.299999999999958
24.20000000000007
16.39999999999996
12.09999999999997
1.5000000000000002
3.600000000000002
12.899999999999967
2.500000000000001
30.100000000000154
9.499999999999984
16.599999999999962
7.999999999999988
1.6000000000000003
19.70000000000001
8.199999999999989
20.00000000000001
4.899999999999995
6.499999999999993
31.70000000000019
0.9999999999999999
0.4
0
7.299999999999988
7.899999999999988
30.80000000000018
9.99999999999998
1.6000000000000003
7.6999999999999895
9.299999999999983
3.1000000000000014
0.2
2.700000000000001
0.7999999999999999
9.99999999999998
20.800000000000022
6.499999999999993
20.200000000000014
15.999999999999956
8.299999999999986
20.00000000000003
1.6000000000000003
45.70000000000041
25.100000000000083
1.8000000000000005
5.5999999999999925
25.200000000000102
10.29999999999998
36.00000000000027
3.4000000000000017
20.400000000000016
111.99999999999783
0.1
24.70000000000011
29.100000000000158
7.499999999999986
31.100000000000186
3.5000000000000018
4.8
9.599999999999982
3.4000000000000017
3.2000000000000024
42.40000000000036
0.2
80.59999999999968
0.8999999999999999
20.00000000000001
31.60000000000019
7.099999999999989
15.199999999999962
30.00000000000017
20.60000000000002
20.400000000000016
68.00000000000038
5.4999999999999964
0
23.000000000000053
42.800000000000345
59.300000000000615
1.6000000000000003
1.2
21.000000000000032
15.199999999999962
32.80000000000021
70.00000000000033
1.0999999999999999
21.500000000000036
6.299999999999994
21.800000000000036
9.699999999999978
31.500000000000192
49.30000000000045
16.099999999999955
2.9000000000000012
4.300000000000001
15.499999999999957
3.700000000000002
2.4000000000000017
0.5
2.2000000000000006
47.50000000000041
10.299999999999978
0.4
8.099999999999987
16.399999999999963
8.799999999999981
31.00000000000018
73.10000000000011
10.399999999999979
25.700000000000113
2.500000000000001
0.2
4.100000000000001
34.60000000000023
9.899999999999977
8.499999999999986
24.400000000000073
5.399999999999993
44.100000000000385
15.199999999999958
13.699999999999967
47.700000000000436
5.4999999999999964
4.300000000000001
1.4000000000000001
16.499999999999964
7.9999999999999885
8.699999999999985
2.3000000000000007
6.799999999999993
3.5000000000000018
18.899999999999995
1.9000000000000006
24.00000000000008
11.199999999999976
7.899999999999989
5.399999999999997
19.3
10.299999999999976
22.900000000000052
19.700000000000006
5.599999999999996
29.90000000000017
25.60000000000009
16.799999999999965
10.199999999999976
20.300000000000015
30.700000000000163
14.999999999999964
35.30000000000024
10.199999999999976
68.6000000000004
0.7
2.1000000000000005
27.00000000000013
66.00000000000054
18.599999999999998
3.3000000000000025
2.1000000000000005
23.500000000000068
12.899999999999967
25.300000000000104
4.899999999999999
11.099999999999973
45.40000000000038
6.599999999999993
62.200000000000635
3.3000000000000016
5.8999999999999915
19.500000000000004
9.799999999999981
26.700000000000127
2.800000000000001
16.49999999999996
4.999999999999998
10.699999999999974
8.599999999999985
69.40000000000036
33.50000000000021
5.899999999999995
27.60000000000012
-0.10000000000000003
2.700000000000001
25.400000000000098
4.4
6.599999999999989
56.20000000000057
16.899999999999963
17.49999999999998
22.700000000000067
0.4
22.00000000000004
9.299999999999983
14.399999999999967
1.8000000000000005
9.999999999999975
31.500000000000192
2.500000000000001
2.400000000000001
30.900000000000183
5.799999999999995
4.300000000000001
0.7
7.39999999999999
8.299999999999983
26.50000000000012
27.900000000000137
7.499999999999989
15.599999999999957
3.4000000000000017
15.799999999999956
23.900000000000066
5.1999999999999975
13.099999999999971
5.799999999999995
36.90000000000027
2.800000000000001
28.400000000000148
11.299999999999972
5.899999999999995
2.400000000000001
6.799999999999992
13.39999999999997
18.299999999999986
8.299999999999986
7.39999999999999
5.799999999999995
13.799999999999963
24.000000000000085
5.1999999999999975
12.399999999999968
1.6000000000000003
15.799999999999956
15.89999999999996
2.9000000000000012
28.90000000000015
14.69999999999996
54.400000000000524
4.4
11.79999999999997
40.50000000000031
10.19999999999998
7.199999999999991
5.799999999999995
0
26.900000000000123
42.80000000000037
3.600000000000002
29.300000000000157
22.00000000000004
30.80000000000018
0.6
13.199999999999969
38.30000000000028
16.799999999999965
96.19999999999872
9.699999999999982
1.0999999999999999
27.300000000000136
14.199999999999962
8.299999999999986
32.300000000000196
5.699999999999996
47.20000000000042
24.90000000000008
16.299999999999958
22.300000000000043
20.00000000000001
2.1000000000000005
15.49999999999996
2.700000000000001
25.4000000000001
1.9000000000000006
3.800000000000002
16.999999999999968
7.499999999999989
21.10000000000003
1.2
16.599999999999966
2.500000000000001
38.1000000000003
24.100000000000087
17.699999999999978
13.099999999999966
32.0000000000002
2.0000000000000004
29.20000000000016
81.99999999999952
4.5
24.700000000000077
8.89999999999998
17.59999999999998
46.60000000000042
20.900000000000023
10.699999999999974
2.700000000000001
11.79999999999997
28.700000000000134
14.199999999999967
5.4999999999999964
0.6
28.20000000000014
1.0999999999999999
24.60000000000009
18.599999999999994
19.200000000000017
0.5
16.999999999999986
10.899999999999977
22.80000000000005
41.50000000000035
36.00000000000025
14.599999999999964
21.300000000000047
42.50000000000036
12.499999999999968
3.2000000000000015
8.199999999999987
1.9000000000000006
6.299999999999994
13.999999999999963
5.399999999999997
4.000000000000002
28.400000000000148
8.499999999999982
23.900000000000098
26.40000000000012
16.699999999999964
5.4999999999999964
14.099999999999962
32.40000000000018
36.600000000000264
0.7999999999999998
60.700000000000635
35.90000000000025
25.60000000000009
4.4999999999999964
8.299999999999986
12.09999999999997
10.999999999999977
74.10000000000008
11.399999999999972
4.100000000000001
5.099999999999998
8.899999999999984
11.899999999999972
7.799999999999988
33.100000000000215
0.8999999999999999
25.600000000000104
4.799999999999999
21.30000000000003
94.39999999999876
26.200000000000113
1.9000000000000006
5.699999999999996
3.700000000000002
0.5
5.599999999999996
17.399999999999974
55.40000000000054
25.60000000000011
28.000000000000124
6.799999999999993
49.10000000000045
35.70000000000025
6.999999999999991
31.400000000000187
13.199999999999969
23.30000000000007
0.7
5.099999999999998
28.80000000000015
12.79999999999997
10.599999999999975
13.399999999999968
40.50000000000031
27.40000000000013
63.70000000000066
2.600000000000001
0.2
17.099999999999987
0.5
6.999999999999991
0.1
2.700000000000001
28.70000000000015
22.30000000000006
25.00000000000008
16.199999999999964
18.499999999999993
9.299999999999981
3.600000000000002
4.200000000000001
9.799999999999983
3.800000000000002
48.60000000000044
1.4000000000000001
11.79999999999997
9.599999999999982
12.799999999999972
20.300000000000015
8.199999999999983
23.900000000000077
8.999999999999984
7.899999999999989
0.9999999999999999
13.699999999999964
25.100000000000087
23.40000000000006
15.599999999999957
0.4
35.60000000000024
1.2
3.5000000000000018
50.00000000000046
0.4
2.2000000000000006
39.200000000000294
1.4000000000000001
3.5000000000000018
23.10000000000007
3.0000000000000013
3.2000000000000015
21.700000000000056
38.00000000000028
2.800000000000001
12.09999999999997
27.200000000000113
2.3000000000000007
19.300000000000015
31.30000000000017
21.400000000000038
0.30000000000000004
12.199999999999973
7.099999999999991
41.40000000000034
3.800000000000002
24.80000000000008
3.3000000000000025
20.70000000000004
53.90000000000052
8.89999999999998
19.500000000000004
58.5000000000006
6.699999999999992
4.200000000000001
25.4000000000001
27.30000000000013
19.2
6.799999999999988
55.70000000000054
4.6
48.30000000000046
1.7000000000000004
1.4000000000000001
18.899999999999995
26.200000000000113
14.399999999999961
10.09999999999998
17.499999999999975
3.6
13.09999999999997
7.59999999999999
55.100000000000534
1.6000000000000003
18.700000000000014
18.199999999999985
27.800000000000118
0.6
0.30000000000000004
4.2
33.10000000000021
17.79999999999998
40.700000000000315
4.000000000000002
4.100000000000001
3.2000000000000015
13.799999999999963
4.5
46.900000000000425
7.799999999999985
4.699999999999999
0.9999999999999999
5.999999999999995
14.499999999999966
25.2000000000001
11.89999999999997
0.1
15.999999999999956
0.1
10.29999999999998
50.30000000000049
0.5
8.699999999999985
1.4000000000000001
23.500000000000078
5.799999999999995
2.1000000000000005
3.1000000000000014
0.30000000000000004
95.99999999999874
21.800000000000036
3.1000000000000014
12.099999999999973
1.0999999999999999
30.7000000000002
12.299999999999972
14.299999999999965
41.900000000000354
3.600000000000002
40.50000000000031
14.89999999999996
8.199999999999987
4.899999999999999
11.599999999999975
24.800000000000093
20.200000000000014
4.899999999999999
36.30000000000025
8.699999999999982
14.099999999999966
1.8000000000000005
1.5000000000000002
8.899999999999984
2.2000000000000006
2.500000000000001
4.000000000000002
27.600000000000133
2.3000000000000007
28.400000000000144
0.9999999999999999
4.799999999999999
3.0000000000000013
3.000000000000002
8.899999999999984
103.09999999999827
11.899999999999974
4.400000000000001
12.099999999999973
23.50000000000006
2.0000000000000004
7.2999999999999865
1.0999999999999999
12.899999999999967
14.699999999999964
10.999999999999977
19.400000000000023
41.00000000000032
4.100000000000001
17.09999999999997
12.599999999999968
4.6
3.3000000000000016
16.899999999999974
11.899999999999975
7.099999999999991
6.099999999999994
2.700000000000001
11.499999999999972
2.0000000000000004
13.299999999999965
3.5000000000000018
26.2000000000001
14.099999999999968
12.199999999999969
2.2000000000000006
8.299999999999983
29.900000000000166
65.70000000000057
3.1000000000000023
25.900000000000123
3.900000000000002
1.8000000000000005
46.300000000000416
0.7
19.800000000000026
7.699999999999989
3.4000000000000017
4.7
12.099999999999973
14.299999999999962
0
27.500000000000117
0.9999999999999999
8.399999999999986
4.5
3.900000000000002
44.60000000000037
11.799999999999976
4.4
20.900000000000045
1.2
6.999999999999991
13.199999999999966
3.0000000000000013
1.0999999999999999
5.799999999999995
57.600000000000584
6.699999999999992
1.2
5.399999999999997
16.99999999999998
11.499999999999975
8.699999999999987
19.500000000000004
10.599999999999975
1.4000000000000001
3.3000000000000016
32.8000000000002
1.3
1.4000000000000008
52.7000000000005
22.700000000000063
17.09999999999997
4.999999999999998
1.8000000000000005
3.5000000000000018
3.5000000000000018
40.10000000000032
51.600000000000485
2.400000000000001
19.2
3.700000000000002
46.300000000000416
11.999999999999973
2.700000000000002
13.999999999999963
8.299999999999986
0.7
0.1
21.200000000000042
3.700000000000002
110.09999999999788
27.10000000000013
17.09999999999997
15.29999999999996
1.5000000000000002
2.3000000000000007
13.599999999999964
10.299999999999976
8.899999999999984
8.99999999999998
15.799999999999956
6.699999999999992
1.0999999999999999
4.8999999999999995
0.8999999999999999
12.799999999999967
0.7
0.8999999999999999
19.800000000000008
56.20000000000058
11.799999999999974
0.7999999999999999
7.9999999999999885
12.499999999999968
7.999999999999988
2.1000000000000005
19.3
15.199999999999958
16.49999999999998
16.699999999999964
10.799999999999978
-0.20000000000000007
31.70000000000019
12.299999999999969
15.799999999999958
13.599999999999964
4.5
1.3
15.699999999999953
0.9999999999999999
13.29999999999997
1.4000000000000001
7.299999999999987
24.70000000000009
14.799999999999962
45.4000000000004
18.800000000000008
1.2
1.4000000000000001
27.00000000000012
5.699999999999997
20.00000000000002
1.6000000000000003
27.900000000000166
1.5000000000000002
5.399999999999995
30.100000000000172
17.899999999999977
7.799999999999988
13.699999999999964
22.700000000000067
5.599999999999997
5.099999999999998
12.099999999999971
0.5
9.499999999999982
5.199999999999995
14.999999999999954
8.699999999999985
4.7
12.699999999999967
7.19999999999999
1.9000000000000006
3.600000000000002
-0.20000000000000004
5.1999999999999975
6.799999999999992
4.5
9.399999999999984
22.00000000000004
3.700000000000002
14.099999999999968
7.2999999999999865
0.7999999999999999
14.199999999999966
27.00000000000013
2.1000000000000005
5.999999999999995
0.19999999999999996
16.49999999999997
10.499999999999979
13.899999999999963
0.8999999999999999
17.599999999999977
0.4
8.099999999999987
7.499999999999989
7.899999999999984
3.1000000000000014
5.399999999999997
2.9000000000000012
6.399999999999994
6.299999999999994
13.599999999999964
20.300000000000015
1.9000000000000006
1.5000000000000002
3.700000000000002
9.499999999999984
10.099999999999977
5.799999999999995
26.500000000000103
19.700000000000006
0.7
1.0999999999999999
31.300000000000193
37.40000000000027
1.5000000000000002
5.799999999999996
42.30000000000035
10.499999999999979
8.699999999999982
11.599999999999975
21.60000000000005
37.10000000000027
25.800000000000093
10.899999999999974
5.1999999999999975
45.8000000000004
21.100000000000026
2.2000000000000006
17.49999999999998
4.999999999999998
26.200000000000117
6.999999999999991
20.80000000000004
16.899999999999967
34.500000000000234
12.699999999999973
10.599999999999977
5.799999999999995
41.10000000000033
0.29999999999999993
28.700000000000152
2.400000000000001
3.0000000000000013
25.700000000000113
16.599999999999962
7.999999999999988
6.499999999999989
14.69999999999996
1.7000000000000004
4.899999999999999
6.399999999999993
63.80000000000067
15.999999999999972
57.00000000000058
7.899999999999988
2.1000000000000005
6.5999999999999925
2.4000000000000017
38.20000000000028
5.099999999999998
1.5000000000000002
4.6
29.500000000000167
4.4
4.200000000000001
15.79999999999996
13.599999999999968
21.700000000000035
14.89999999999996
5.1999999999999975
4.8999999999999995
13.799999999999967
8.699999999999987
1.7000000000000004
2.400000000000001
3.3000000000000016
16.199999999999957
18.899999999999995
23.50000000000006
1.4000000000000001
3.3000000000000025
14.299999999999965
2.1000000000000005
7.899999999999988
8.799999999999985
23.000000000000075
0.1
2.2000000000000006
21.600000000000033
4.200000000000001
49.00000000000045
52.20000000000049
10.599999999999978
26.200000000000117
0.2
11.599999999999971
0.7
2.9000000000000012
9.99999999999998
4.100000000000001
16.49999999999996
6.8999999999999915
15.899999999999956
11.099999999999977
2.9000000000000012
4.4
33.600000000000215
59.300000000000615
4.6
25.800000000000107
10.999999999999977
35.40000000000025
61.30000000000064
13.499999999999968
1.700000000000001
67.00000000000051
4.6000000000000005
18.70000000000001
16.09999999999996
11.199999999999976
2.800000000000001
20.800000000000026
11.599999999999975
36.500000000000256
42.50000000000034
4.799999999999999
12.399999999999968
1.7000000000000004
31.500000000000185
30.800000000000182
3.2000000000000015
19.900000000000013
5.699999999999996
14.399999999999961
8.799999999999985
78.69999999999983
10.099999999999982
10.399999999999975
10.29999999999998
0.7999999999999999
15.499999999999957
31.300000000000185
28.200000000000145
31.70000000000019
3.2000000000000015
2.600000000000001
30.600000000000176
12.599999999999968
3.800000000000002
14.499999999999964
3.900000000000002
11.899999999999974
60.600000000000634
6.099999999999994
3.4000000000000017
4.899999999999999
0.6
21.60000000000004
16.599999999999966
21.100000000000033
1.4000000000000001
9.399999999999983
52.20000000000049
27.400000000000116
13.699999999999969
14.59999999999996
24.400000000000073
9.09999999999998
10.399999999999979
31.200000000000184
27.60000000000012
0.6
3.0000000000000018
3.2000000000000015
9.499999999999982
45.2000000000004
34.10000000000021
26.40000000000012
81.39999999999961
5.4999999999999964
0.09999999999999987
17.899999999999984
4.699999999999999
19.400000000000016
11.299999999999976
4.100000000000001
8.599999999999982
70.20000000000027
4.200000000000001
29.900000000000194
5.1999999999999975
10.799999999999978
20.60000000000002
26.500000000000117
21.200000000000045
8.599999999999985
1.6000000000000003
1.8000000000000005
11.699999999999976
3.4000000000000017
71.60000000000025
3.700000000000002
15.499999999999961
14.899999999999961
0.2
9.19999999999998
28.200000000000127
37.60000000000027
0.7
25.300000000000104
15.099999999999962
5.099999999999999
2.500000000000001
17.999999999999982
0.4
11.199999999999976
19.30000000000002
18.300000000000004
4.300000000000001
30.40000000000016
25.100000000000104
14.69999999999996
16.99999999999997
0.6
12.79999999999997
4.200000000000001
1.3000000000000007
5.099999999999998
5.899999999999995
10.999999999999973
1.2
3.3000000000000016
41.10000000000032
29.000000000000153
7.19999999999999
30.500000000000174
2.3000000000000007
9.29999999999998
7.29999999999999
7.499999999999989
8.799999999999983
1.3
17.299999999999972
13.399999999999965
24.40000000000008
29.900000000000166
8.899999999999984
23.100000000000055
2.4000000000000017
4.200000000000001
101.69999999999845
11.499999999999975
5.999999999999995
7.39999999999999
32.10000000000019
23.70000000000008
55.70000000000054
12.999999999999966
22.60000000000006
44.100000000000364
12.799999999999967
0.30000000000000004
5.1999999999999975
0.7
38.700000000000294
15.899999999999961
3.4000000000000017
0.6
19.00000000000001
4.5
11.599999999999975
5.799999999999995
14.69999999999996
31.700000000000188
5.999999999999996
43.50000000000037
1.4000000000000001
2.2000000000000006
3.2000000000000024
40.500000000000334
0.5
0.2
9.599999999999982
24.800000000000097
36.20000000000026
