0.7999999999999999
0.1
0.1999999999999998
0.19999999999999996
0.6
0.5
0
0.7
-0.20000000000000004
0.5999999999999999
-0.40000000000000013
0.2
0.2999999999999997
0.09999999999999998
-0.40000000000000013
-0.3000000000000004
0.5
-0.7
0.5
0.30000000000000004
-0.30000000000000016
0.4
-0.7000000000000001
0.30000000000000004
0.30000000000000004
-0.6000000000000001
0.09999999999999998
-0.6000000000000001
0.1
-0.5000000000000001
0.4
-0.8
0.4
0.1
0.09999999999999995
0
-0.20000000000000004
0.09999999999999998
-0.5
0.6
0.2
-0.6000000000000001
-2.7755575615628914e-17
-0.20000000000000004
0.6999999999999998
-0.6000000000000001
0.30000000000000004
0.2
0.30000000000000004
0.8999999999999999
0.1
0.30000000000000004
-0.6
0.4
-0.5
1.2
-0.7000000000000001
-0.7
0
0.1
0.30000000000000004
0.19999999999999987
-0.6000000000000001
0.5
0.4
0.2
-0.40000000000000013
0.2
0
-0.20000000000000004
0.4
-0.30000000000000016
0.1
-0.30000000000000016
0.2
-0.9
0.2
0.30000000000000004
0.1
-2.498001805406602e-16
-0.30000000000000016
-0.30000000000000004
0.19999999999999998
-0.20000000000000004
0.4
0.5
0.1
0.30000000000000004
0.0999999999999999
0.2
-0.6
-0.20000000000000007
0.29999999999999993
-0.4
0.5
-0.20000000000000015
-0.5
0.7999999999999998
0.4
0
0.2999999999999999
-0.6
0.7999999999999999
-0.9
0.5
0.09999999999999998
0.1
-0.7000000000000003
-0.30000000000000004
0.7
0
-0.7000000000000001
0.30000000000000004
-0.4
-0.4
-0.10000000000000003
0.1
-0.6000000000000001
-1.3877787807814457e-16
-0.6000000000000001
0.4
-0.5000000000000001
-0.6
0.7
-0.40000000000000013
0.7
-0.20000000000000015
0.4
-1
0.9999999999999999
0.1
0
-0.4
-0.5
0.6
0
0.7999999999999999
-0.10000000000000014
-0.30000000000000004
-2.7755575615628914e-17
0.30000000000000004
0.4
-0.5000000000000001
0.3
0
0.2
0.7999999999999999
0.09999999999999987
0.8999999999999999
0.1
-1.1
1.2
-0.2000000000000006
0
0
0
0.7
-0.40000000000000036
-0.7000000000000001
0.2
-0.30000000000000004
0.4
-0.3000000000000004
-0.3000000000000004
-0.8
1.0999999999999999
0.3999999999999999
0.2
0.1
-0.30000000000000016
0.1
0
-0.30000000000000027
0.09999999999999998
0.30000000000000004
-0.5000000000000002
0.19999999999999996
0.4
-0.8000000000000002
0.4999999999999999
0.09999999999999987
-0.20000000000000015
-0.3000000000000004
0.4
0.6999999999999996
-0.9
0.1
-0.8000000000000002
0.4
0.1
-0.40000000000000013
-0.6000000000000001
0.30000000000000004
-0.7000000000000001
0.19999999999999996
0.19999999999999998
0.5
0
-0.20000000000000015
-0.9
-0.20000000000000004
0.4
0.30000000000000004
0.5999999999999999
-0.3000000000000004
-1.3000000000000003
0.7999999999999999
-0.30000000000000016
0.1
-0.20000000000000015
0.4
0.5
0.1
-2.7755575615628914e-17
-0.30000000000000016
0.5
-1.0
0.4
0.09999999999999998
-0.7000000000000001
0
-1.3877787807814457e-16
0
0.4
0.2
-0.5000000000000003
0.6
-0.7
0.2
0.30000000000000004
0
0.1
0.4999999999999998
0.4
0.19999999999999996
-0.5
0.1
0.6
-0.9000000000000001
0.19999999999999993
-0.30000000000000004
0
0.19999999999999998
-0.5000000000000003
-0.8
0.4
-0.6000000000000001
-0.20000000000000015
-0.9
-0.20000000000000015
0.4
0.29999999999999993
-2.7755575615628914e-17
-0.10000000000000014
0
-0.5000000000000002
0.30000000000000004
0.2
-0.7000000000000001
0.2
-0.6000000000000001
-0.20000000000000004
0.6
0.2999999999999999
-0.20000000000000007
0.19999999999999993
0.4
0.30000000000000004
0.1
-0.30000000000000016
-0.5
-2.7755575615628914e-17
-0.5
0.2
0.09999999999999998
0.09999999999999998
-0.4
0.4
-0.40000000000000013
-0.4
0.1
0.30000000000000004
0.19999999999999965
0.2
0
0.4
-0.40000000000000013
0.4
0.1
0.7
0.4
-0.8
0.2
1.3000000000000003
-1.3877787807814457e-16
-0.4
0.4
-0.7000000000000001
0.09999999999999998
0
-0.5000000000000002
0.4
-0.5000000000000001
0.30000000000000004
-0.30000000000000004
-0.4
0
-0.4
0.3
0.1
-0.5
0.8999999999999999
-0.40000000000000024
0.5
0.1
-0.30000000000000016
0.4
-0.30000000000000016
0.3
0.4
0.19999999999999984
0.6
-0.9
-0.10000000000000003
-0.10000000000000003
0
0.2
-0.30000000000000016
-0.7
0.7
-0.7
0.30000000000000004
0.2
-0.6
-0.5
0.5
-0.5000000000000001
-0.30000000000000016
0
-0.7000000000000001
-0.30000000000000004
0.5999999999999999
-0.8
-0.6
0.49999999999999967
-0.5
0.19999999999999987
0.1
-0.7000000000000001
0
-0.7000000000000003
-0.9
0.30000000000000004
0
0
-1.1
0.5
-0.7000000000000001
-0.10000000000000003
-0.30000000000000004
0.5
-0.7000000000000003
-0.10000000000000003
-0.5000000000000001
0.2
0.1
0.4999999999999999
0
0.4
0.1
0
0.29999999999999993
0.4
-0.30000000000000016
-0.7000000000000001
-0.20000000000000004
-0.5000000000000001
0.09999999999999956
0.2
0.6
0
0.30000000000000004
0.4
-0.3000000000000004
0.4999999999999999
0.7999999999999999
0.2
0.5
0
-0.7000000000000002
-0.7
0.5
0.7
0
0.6
-0.20000000000000004
0
-1.3877787807814457e-16
-1
0.2
-0.10000000000000003
-0.30000000000000016
-0.30000000000000004
0.1
-0.7
0.30000000000000004
0.7999999999999999
-2.7755575615628914e-17
-2.7755575615628914e-17
-0.9
-0.30000000000000004
0.5999999999999998
-0.40000000000000013
0.19999999999999998
-0.10000000000000003
-0.10000000000000026
-0.6000000000000001
-0.10000000000000003
-0.5000000000000001
-0.20000000000000015
0.2
0.4
-0.40000000000000013
-0.7
0.09999999999999992
0.4
-0.9
0.9999999999999999
-0.10000000000000009
-0.20000000000000004
0
0.2
-0.5000000000000001
-0.4
0
0.6
-0.6000000000000001
-0.20000000000000004
-0.20000000000000007
-8.326672684688674e-17
0.1
0.4
0.2
0
0.4
0.3
-1.1
0.4
0.5
0.09999999999999964
-0.3000000000000004
-1.1
0.7999999999999999
-0.30000000000000004
0.1
0.29999999999999977
0.7
-0.6000000000000001
-2.7755575615628914e-17
0.7999999999999999
-0.30000000000000016
-0.8999999999999999
0
-0.5000000000000002
0.1
-0.5
-0.30000000000000004
0.1
0
0.1
-0.6000000000000001
0.1
-2.7755575615628914e-17
0.7
-0.20000000000000015
-0.9
-0.5
0
0.3
-0.8
-0.20000000000000007
0
0.9999999999999998
0.2
0.1
-0.20000000000000004
0
0.4999999999999999
0.1
-0.5000000000000001
0.19999999999999987
0.7
0.1
-0.5000000000000001
-0.10000000000000003
0.1
-0.8
0.3999999999999999
-0.20000000000000004
0.2
0.5
-0.6000000000000001
0
-0.20000000000000037
0.1
-0.30000000000000027
0.1
0.1
0.2
-0.10000000000000009
0.09999999999999978
0.09999999999999987
0.4
-0.7000000000000001
-2.7755575615628914e-17
0
0.2
0.09999999999999998
0.2
-0.40000000000000036
-0.20000000000000015
0
0.4999999999999999
0
-0.4
0.09999999999999987
0.2
-0.30000000000000004
0.2
0.30000000000000004
-0.8000000000000002
0
0.4
-1
0.09999999999999998
0.30000000000000004
0
-0.20000000000000007
0.4999999999999999
-0.20000000000000004
0.09999999999999998
-0.9
0.1
0.2
-0.40000000000000013
-0.9
0.1
0.4
-5.551115123125783e-17
-0.30000000000000016
0.2
0.09999999999999998
-0.30000000000000004
0.30000000000000004
-1.2000000000000002
0.7
-0.5000000000000001
0.19999999999999998
0.09999999999999987
-0.8000000000000002
0.5999999999999999
-1.2000000000000002
-0.4
-0.20000000000000007
-0.10000000000000003
0.30000000000000004
0.30000000000000004
-0.6000000000000001
-0.5
0.9000000000000007
-0.30000000000000016
0.4
0.1
0
0.2
0.8999999999999996
0.09999999999999976
0.30000000000000004
0.19999999999999998
0.1
-0.40000000000000013
-0.10000000000000014
-2.7755575615628914e-17
0.29999999999999977
-1.0000000000000004
0.1
-0.5
0.7
-0.7000000000000001
-0.6
-0.20000000000000004
0.7
-0.9000000000000002
-0.4
0
0
0.2
-0.40000000000000013
0
-1.3877787807814457e-16
0.1
0.0999999999999999
-0.30000000000000016
0.1
0.7
0.4
0.09999999999999976
0.1999999999999999
0.4999999999999999
0
0.30000000000000004
0.5
-0.5000000000000001
0.2999999999999998
-0.7
0.1
0.5999999999999998
-0.7000000000000001
0.2
-0.6000000000000005
0.5
0.1
0.4999999999999998
-1.3877787807814457e-16
-0.7
0.4
-0.8
-5.551115123125783e-17
1.4000000000000001
0.1
-0.7000000000000002
0
0.1
0.29999999999999993
0.30000000000000004
-0.20000000000000015
0.30000000000000004
0.7
-1.3877787807814457e-16
0.1
-0.9
0.4
-0.6000000000000001
-0.6
0.5
-0.9
0.19999999999999976
0.1
0.09999999999999976
0.6
-0.20000000000000015
0.4
0
-2.7755575615628914e-17
-0.30000000000000016
-0.8
0.4
0.1
0.1
1.2
-0.40000000000000013
-1
0.7999999999999999
-0.20000000000000015
-0.20000000000000015
-0.5000000000000001
-8.326672684688674e-17
0.2999999999999998
0.1
0.1
-1.1
0.2
-0.20000000000000004
0.3
-0.40000000000000013
-0.5
0.19999999999999987
0
-8.326672684688674e-17
0.1
-0.6
0.30000000000000004
0.2
-0.9000000000000001
0.4
-2.7755575615628914e-17
0
0
0.7
0
-0.9
0.7
0.8999999999999999
-0.6
-0.20000000000000004
0.7999999999999999
0.19999999999999996
0.09999999999999998
0.2
-0.20000000000000015
0.1
0.6
0
0.4
0.1
0.2
0.5
1.0999999999999999
0
0.4
0.5
0.4999999999999999
0.1
0
0.6
-0.30000000000000016
-0.6000000000000001
-0.4
-0.20000000000000018
0.1
-0.4
-0.20000000000000015
-0.20000000000000004
0.1
-0.5
-0.20000000000000007
0.1
0.2
-0.5000000000000002
0.30000000000000004
0.1
0.09999999999999987
-1.4000000000000001
0
0.7
-0.30000000000000004
0.6
-0.30000000000000004
0
0.2999999999999997
0.4
0.7
0.1
0.2
-1.3877787807814457e-16
-0.30000000000000004
0.5
-0.10000000000000014
-0.6000000000000001
1.6000000000000008
-1
-0.10000000000000009
0.5
0
0.2
-0.7000000000000001
-0.4
-0.10000000000000003
0.3
0.30000000000000004
0.6999999999999998
-0.30000000000000027
0.7
0
0.5
0
-1.0000000000000004
-0.20000000000000004
0.4
0.2
-0.10000000000000003
0.5
0.6999999999999998
-0.20000000000000004
0
-0.20000000000000004
-0.10000000000000014
0.2
0.7
-0.9000000000000005
0.2
0.7
-1
0.6999999999999998
0
0.1
0
-0.30000000000000004
0.7999999999999999
0
0.2
0.8999999999999998
0.2999999999999998
-0.7
0.4
-1.3877787807814457e-16
0.1
0.30000000000000004
-0.10000000000000003
-0.20000000000000004
0.6
-0.20000000000000026
-0.8
0
0.6999999999999997
-0.9
0.4
-0.20000000000000015
0.30000000000000004
0.1
0.2
0.5999999999999999
-2.7755575615628914e-17
0.5
-1.4000000000000001
0
0.2999999999999999
0.2999999999999999
-1.0000000000000002
0.4
0.4
-0.10000000000000006
0.5
-0.7000000000000001
0
0.4
-1.2000000000000002
1.0999999999999999
0.09999999999999992
0.5
0.4
-0.5000000000000002
-0.10000000000000003
-0.5000000000000002
0.1
0.09999999999999987
0.6
0.4
-0.10000000000000003
0.19999999999999998
-0.5000000000000001
-0.5
0.4999999999999999
-0.20000000000000004
-2.220446049250313e-16
-2.220446049250313e-16
0.8999999999999999
0.1
-0.40000000000000013
-0.8
0.8999999999999999
0.2
0.09999999999999995
0.4
1.0999999999999999
-0.6000000000000001
0.1
0
-0.7000000000000001
0.5
-1.1
-1.3877787807814457e-16
0.6
-1.2000000000000002
0.2
-0.4
-2.7755575615628914e-17
0
0.1
0.2
0.4
0
0.1
0.4
0
0.4999999999999999
0.4
0
0
0.1
-1.2000000000000002
0.1
-0.4
1.4000000000000008
0.1
-1
0
0.7999999999999999
0.30000000000000004
0.30000000000000004
-1
0.6
-0.7000000000000001
0.09999999999999998
-0.20000000000000026
-0.5
0
0.5
-0.8
0.2
-2.7755575615628914e-17
0.2
-0.6000000000000001
0.6
0.4999999999999999
-0.10000000000000003
-0.5000000000000001
0.6
-2.7755575615628914e-17
-2.7755575615628914e-17
0
0
-0.5000000000000001
-0.10000000000000003
0.2
1.0999999999999999
-0.6000000000000001
0.2
-0.5000000000000001
0.19999999999999998
-0.10000000000000014
-0.30000000000000004
0.2999999999999999
0.5
-0.9
0.7
-0.5000000000000002
0.6
0.4
-0.10000000000000014
-0.30000000000000027
-0.5000000000000001
-0.6000000000000001
0.5
0
0.29999999999999993
0
0.19999999999999993
0.1
-0.30000000000000004
-0.4
-0.30000000000000004
0.7999999999999999
-0.40000000000000036
-0.9000000000000002
0.4
0.09999999999999998
-0.7000000000000001
0.7
-0.6
0.1
0.5
0
-0.6000000000000001
0.2
0.3999999999999999
-0.10000000000000028
0.5
-0.5
0.30000000000000004
-0.4
-0.10000000000000003
0.8999999999999999
0.19999999999999998
-0.30000000000000027
0.2
1.3000000000000007
-0.7000000000000001
0
1.2
2.0000000000000004
-0.9000000000000002
0.7999999999999999
0.29999999999999993
-0.5
0.2
0.30000000000000004
-1.0000000000000002
0.19999999999999998
-0.8
0.7999999999999999
0.3
-0.8
0.4
0.30000000000000004
1.2
0.5
-0.6000000000000001
0
-0.10000000000000003
0.4
0.4
0.1
0.0999999999999999
0.3
0.2
0.30000000000000004
0.4
0.2
-1.1102230246251565e-16
-0.30000000000000004
0.5
0
-0.5000000000000006
-1.3877787807814457e-16
0.3
0
-0.40000000000000024
0.2
0.7
-0.5000000000000001
0.30000000000000004
-1.1000000000000003
1.4000000000000001
-0.5
0.30000000000000004
-0.20000000000000037
-0.30000000000000016
0.3999999999999999
-2.220446049250313e-16
0.1
0.40000000000000013
0.2
0.2
-0.1000000000000002
0.19999999999999998
0.4
-0.5
0.7
-0.6000000000000001
0.2
0.1
-0.4
0.2
-0.5000000000000001
0.3999999999999998
0.7
0.6
0
-1.1
0.1
0
0.09999999999999959
0.2999999999999999
0
0
-0.40000000000000013
0
0
0.19999999999999998
1.4000000000000001
-0.6000000000000001
0
0.2
0
-0.30000000000000004
-2.7755575615628914e-17
-2.7755575615628914e-17
0.6
0.30000000000000004
0.2
-0.30000000000000016
-0.7000000000000001
0.5
-0.9
0.09999999999999998
-0.30000000000000027
0.2
0
-0.5000000000000001
-0.30000000000000004
0.4
0.3999999999999998
-0.20000000000000004
-0.10000000000000003
0
0.3
0.1
-0.6000000000000001
-0.20000000000000004
-0.5000000000000001
-0.20000000000000026
0.30000000000000004
-2.7755575615628914e-17
0.19999999999999998
-0.5000000000000001
0.30000000000000004
-0.7000000000000003
0.30000000000000004
-0.5
0
1.0999999999999999
-8.326672684688674e-17
0.4
-0.10000000000000014
0.7
-0.20000000000000015
0.6
0
0.30000000000000004
0.5
-0.30000000000000016
0.19999999999999976
1.0999999999999999
0.4
0.7
0.30000000000000004
-0.6
0.4
-0.7000000000000001
0
0.09999999999999995
0.3
-0.4000000000000007
0
0.30000000000000004
0.30000000000000004
-2.7755575615628914e-17
0.2
-1.3877787807814457e-16
0.2
0
0.4
0.09999999999999995
-0.10000000000000003
-0.4
0.6999999999999998
0.7
0.1
0.5999999999999998
0.2
0.6
0.6000000000000001
0.2
0.2
-0.9
0.3999999999999999
-0.8
-0.7
-0.30000000000000004
-0.10000000000000009
0.8999999999999999
-0.5000000000000002
0
-0.10000000000000003
0.5
-0.8
0.09999999999999995
0.09999999999999992
0
0.7999999999999999
-0.10000000000000003
0.8000000000000007
0.4
0.1
-0.5000000000000003
0.2
-0.6000000000000001
0.19999999999999998
-0.9
0.6
-0.30000000000000016
0
0.2
0.30000000000000004
-0.4
0.8999999999999999
-0.30000000000000004
0.30000000000000004
0.09999999999999998
0.7999999999999999
0.19999999999999987
-0.4
0.1
-0.20000000000000004
0.09999999999999992
0.9999999999999998
0
1.0000000000000004
0.7999999999999999
-0.5
0.2
0.09999999999999998
0.6
0.1
0.2
-0.30000000000000004
0.7
-1
0.30000000000000004
0.5
0
-0.10000000000000009
-0.10000000000000003
0.8999999999999998
0.2
0.8999999999999999
0.6
-0.7000000000000001
0.30000000000000004
0.7999999999999999
0.4
0.1
-0.8
-0.20000000000000004
-0.10000000000000006
0.9999999999999999
-0.20000000000000037
-0.20000000000000015
-0.20000000000000004
0.3
0.5
-0.7000000000000001
0.2
0.30000000000000004
0
-0.10000000000000014
-0.4
0.3999999999999999
-0.20000000000000026
0.1
0
0.30000000000000004
0
0.1
-0.40000000000000013
0.1
0.7
-0.9
0.4
-0.20000000000000004
-0.4
0.5
-0.7000000000000001
0.2
-0.7
0
0.4
0
-0.20000000000000015
-0.5000000000000001
0
0.7
-0.6000000000000002
0.4
0.2
0.2
-0.7000000000000001
0.1
0.1999999999999999
0.3999999999999999
0
0.5
0.6
-0.7000000000000003
0.6
-0.20000000000000015
0.09999999999999987
-1
0
0.7
0
0.1
0.3
-0.4
0.9999999999999997
0.1
-1
0.4
-0.20000000000000004
0.1
0.30000000000000004
0.5
0.1
-0.8000000000000002
-0.20000000000000004
0.6999999999999998
-0.5000000000000001
0.7
0.1
-0.4
-0.30000000000000004
0.7999999999999999
0
-0.30000000000000016
0.6
0.1
0.1
-0.40000000000000013
1.0999999999999996
-0.5000000000000001
0.4
-0.5
-0.20000000000000004
-0.4
0.4999999999999999
0.7999999999999998
-0.9
0.2
0.4
0.2
0.29999999999999993
0
-0.7000000000000001
0.19999999999999998
0.2
-0.5000000000000003
-0.10000000000000003
-0.30000000000000004
0.1
0
-0.5000000000000001
-0.4
0.7
0.1
0
0.4
0.1
-1.0
0.2
0.1
-0.9000000000000002
0.6999999999999997
0.2
2.400000000000001
-2.7755575615628914e-17
0.30000000000000004
-0.10000000000000003
-2.7755575615628914e-17
0.1
0.4
0.7999999999999998
-1
0
1.3
-1.0999999999999992
-0.10000000000000003
0.5
0.5
-0.7000000000000001
0.7999999999999998
0.5
0.2
-1.3877787807814457e-16
0.5999999999999999
0.4
-0.8
0.30000000000000004
0
-0.20000000000000037
-1.3
0.1
0.6
0
-0.7000000000000001
0.7999999999999998
0.1
0.9999999999999999
0.30000000000000004
0.6
0
-0.40000000000000013
-0.20000000000000004
-0.8
0.7
-0.20000000000000015
-0.8
0.9999999999999999
1.4000000000000006
-0.10000000000000026
0
-0.10000000000000031
1.2
-2.7755575615628914e-17
-2.7755575615628914e-17
0.30000000000000004
-0.40000000000000013
0.30000000000000004
0.9999999999999999
0.1
-0.20000000000000015
-0.7
0.5999999999999999
0.19999999999999998
-0.5
0.9999999999999999
0.8999999999999999
0.09999999999999942
-0.9
0.5
0.4
0.09999999999999987
-0.10000000000000014
0.5
0.2999999999999999
-0.10000000000000003
-0.10000000000000003
0.6
0.4
-0.8
0.4
-0.6000000000000001
0.6
-0.6000000000000001
-0.5
0.3999999999999999
0.8999999999999999
0.4999999999999999
0.30000000000000004
-0.5000000000000001
0.3
-0.10000000000000003
1.5000000000000007
0.2
1.3
-0.20000000000000004
0.1
0.4
-0.5
0.7
-0.10000000000000006
0
0.1
1.7000000000000004
0.1
0.09999999999999987
0.09999999999999976
-8.326672684688674e-17
-0.20000000000000007
0.19999999999999993
0.8999999999999999
0.2
0.9999999999999999
-0.40000000000000013
0.6
-0.10000000000000014
0
-0.9000000000000005
0
0.1
0.40000000000000013
-0.4
0.7999999999999998
0.2
0.19999999999999987
-0.30000000000000004
0.4
-0.20000000000000015
-1.1000000000000003
0.8999999999999998
0.3999999999999999
0.7999999999999997
0.5
0.19999999999999998
0.2999999999999996
0.1
-0.40000000000000024
0.2
-0.30000000000000004
0
0.4
-0.6
0.1
0.7999999999999998
0
0
0
1.0000000000000004
-0.4
-0.4
0.4999999999999999
-0.7000000000000001
0.1
1.2000000000000004
0.7999999999999999
-0.5
0.2
0.5
-0.5000000000000001
-0.20000000000000037
0.1
-0.6
1.0999999999999999
1.6000000000000003
0.19999999999999987
-0.20000000000000037
0.5999999999999999
0.7
-0.6000000000000001
-0.30000000000000004
0
0.2
0.5999999999999999
-0.30000000000000016
-0.30000000000000004
0.9000000000000001
2.0000000000000013
-0.9
0
0.4
0.4
-1.0
0.30000000000000004
0.1
-2.220446049250313e-16
0.2
0.4
-0.8
1.6000000000000003
0.4
-0.6000000000000001
-0.6
0.1
0.6
-0.20000000000000004
-0.7000000000000001
0.09999999999999976
0.6999999999999998
0.30000000000000004
0.30000000000000004
0.1
-0.7000000000000001
0.1
0.2
-0.6000000000000001
-2.7755575615628914e-17
-0.10000000000000014
0
0.2
0.1
-2.498001805406602e-16
1.3
0.2
0.19999999999999993
-0.30000000000000004
0.6999999999999998
-0.20000000000000004
0.19999999999999998
0.4
-0.40000000000000013
0.30000000000000004
-0.8
0.6000000000000003
0.1
0
-0.5
0.30000000000000004
0.6
-0.6000000000000001
0.1999999999999998
0.1
0.30000000000000004
-1
0.4
-0.30000000000000004
0.4999999999999999
0.4
0.2
0.7999999999999997
0.2
1.0999999999999999
-0.10000000000000014
0.6
-0.20000000000000026
0.2
0.30000000000000004
0
0.09999999999999987
0.2
-0.10000000000000059
-0.7000000000000001
0.4
0.9999999999999999
0.2
0.4
0.19999999999999998
0.4999999999999999
0.19999999999999987
0.6
-0.30000000000000016
0.9999999999999999
0.30000000000000004
1.9000000000000006
0.7999999999999997
0.5999999999999999
-0.10000000000000014
-0.20000000000000004
0.4999999999999999
-0.20000000000000004
0.1
-0.30000000000000016
1.600000000000001
0.3999999999999999
0.5
-0.9
0.30000000000000004
0.4
0
0.6
-1.3877787807814457e-16
-0.4
0.5
0.4
-0.7000000000000001
-0.10000000000000006
0.3999999999999999
-0.20000000000000004
0.4
0.6
1.5000000000000002
0.4
0.7
1.0
-0.30000000000000004
-0.20000000000000004
0
0.2
1.6000000000000003
-0.6000000000000001
0.1
0.1
0.7999999999999999
-0.5000000000000001
-0.4
-0.10000000000000009
0.5
-0.5
0.2
0.5
-0.10000000000000003
0.1
0.6999999999999998
-0.7000000000000001
0
1.3
-0.6000000000000001
0.30000000000000004
0.19999999999999976
0.7999999999999998
-0.5000000000000003
0.1
-0.5000000000000001
0
0.4
-0.7000000000000001
0.1
1.0999999999999999
0.7999999999999999
0.8999999999999999
-5.551115123125783e-17
0.3999999999999999
-0.7000000000000001
0.2
0.7
-0.9
0.1
0.8999999999999998
-0.6000000000000001
-0.20000000000000004
0.5
0.2
-0.20000000000000004
0.6
1.0999999999999999
0.7999999999999999
0.2
-0.7000000000000001
0
0.7999999999999999
0.7
-0.20000000000000004
0
0.1
-0.20000000000000004
-0.20000000000000004
0.30000000000000004
0.3
0.4
0.4
-0.6
0
0.7
-0.7000000000000001
0.7
-0.8000000000000005
1.3
-0.9
-0.20000000000000004
1.0000000000000002
0.1
1.0000000000000007
0
0.30000000000000004
0.19999999999999998
0
-0.4
-0.10000000000000003
0.6
0
-0.4
0.5
0
-0.40000000000000013
0.4
-0.10000000000000014
0.4
0.4999999999999999
0
0
1.4000000000000001
-0.9
0.6
-2.498001805406602e-16
0.19999999999999998
0.30000000000000004
-0.5000000000000002
-0.6
0.1
0.19999999999999993
1.2
-0.5000000000000001
-0.5
0.5
-0.7000000000000001
-0.10000000000000003
0.09999999999999998
-0.10000000000000003
0.09999999999999998
0.9999999999999999
0
0.9999999999999998
0.19999999999999987
-1.4000000000000001
0.7
-0.20000000000000015
-0.20000000000000004
0.1999999999999999
0.6
0
0.1
-0.9
0
-0.20000000000000004
0.4
0.5
0.5
0.7
0.4
0.5
0.5
0.1
-0.1000000000000002
0.4
0.7
0.19999999999999998
-0.5
0.5
-1.1102230246251565e-16
0.2
0.7999999999999998
0
0.4
2.2000000000000024
0.7
0.30000000000000004
-1.1102230246251565e-16
0.30000000000000004
0.1
0.1
0.2
0
0.9999999999999999
0.8999999999999998
-0.7000000000000001
0.49999999999999967
-0.5
-2.7755575615628914e-17
-0.30000000000000004
0.4
-0.7000000000000001
1.2
0.09999999999999976
-0.30000000000000004
0.5
-0.6000000000000001
0.7000000000000012
0
1.6000000000000003
-0.8000000000000002
0.7999999999999999
0.7999999999999998
-0.6000000000000001
-0.10000000000000003
1.4000000000000001
-0.40000000000000013
-0.30000000000000004
0.30000000000000004
0.4
0.1
0.1
0.8999999999999999
0.2
-0.5000000000000001
0.8999999999999999
-0.5000000000000001
0.1
0.1
-0.7000000000000001
0.8999999999999998
-0.6000000000000001
0
-0.6000000000000001
0.9999999999999998
0.4999999999999999
0.1
0.30000000000000004
-0.6000000000000002
0.7999999999999999
-0.30000000000000016
-0.6
0.1999999999999999
0
0.3999999999999999
0.7
-0.10000000000000014
0.2
0
0.09999999999999998
0.09999999999999998
0.4
0
1.0999999999999999
0.1
0.9999999999999999
-0.4
0.1
0
0.5
0.1
0.1
0.9999999999999999
-0.6
0.7
0.5
0.9999999999999999
-0.5
-0.30000000000000004
0.4
0.8999999999999999
-0.6
0.4
0.1
0.7
0.5
1.5000000000000002
0.6
0.8999999999999998
0.9000000000000004
0.5
-0.7
0.6
-0.20000000000000004
-0.20000000000000004
0.19999999999999998
0.19999999999999987
0.2
0
-0.20000000000000015
-0.7000000000000002
1.400000000000002
-0.6000000000000002
0.2
0.7
0.09999999999999987
-0.30000000000000004
0.2
-0.10000000000000003
1.5000000000000002
0.2
1.9000000000000006
1.9000000000000006
0.5
0.4
-0.6000000000000002
0.4
0
0.2
0.6999999999999998
0.1
0.1
0.6000000000000005
0.2999999999999999
-0.6
-0.20000000000000004
1.4000000000000001
0
-0.8
0.8999999999999999
0.30000000000000004
-0.8
0.7999999999999999
-0.8
0
-5.551115123125783e-17
0.2
-2.7755575615628914e-17
-0.10000000000000003
0
0
0.2
-1.1102230246251565e-16
0.6
0.6
0
0.4
-0.30000000000000016
-0.20000000000000004
0.30000000000000004
-0.10000000000000003
0.9000000000000006
0.5
-0.30000000000000016
0
0
-0.9
2.300000000000002
0.1
-0.20000000000000015
-0.4
1.3
1.0999999999999999
0.09999999999999978
0.7999999999999997
-1
0.4
-1.1102230246251565e-16
0.09999999999999981
-0.20000000000000004
0.1
0
1.0999999999999999
-0.7
0.09999999999999987
0.7
-0.1000000000000002
0.8999999999999999
0.2
-0.7000000000000001
0.6
0
0.1
1.4000000000000001
-0.9
0.6
0.2
-0.5
-0.20000000000000015
0.6999999999999998
0.5
-0.9
-0.20000000000000004
-5.551115123125783e-17
0.1
0.30000000000000004
-0.10000000000000003
-2.7755575615628914e-17
0.9999999999999999
0.19999999999999998
-0.40000000000000024
-2.7755575615628914e-17
-0.10000000000000009
0.1
0.4
0.9999999999999999
0.3999999999999999
0.4
0.0999999999999999
0.30000000000000004
-0.10000000000000003
0.5
0.2
-0.5000000000000002
-0.10000000000000003
0
0.7999999999999999
0.2
0.30000000000000004
-0.6000000000000001
0.4
-0.30000000000000004
8.199999999999989
-0.10000000000000006
0.7999999999999999
-0.9
1.0000000000000004
0.7000000000000006
0.5
-0.7000000000000001
0.6
0.6
0.7
0.9999999999999997
0.09999999999999992
0.30000000000000004
0.4
0
-0.1000000000000002
0.1
0.2
0.7999999999999999
0.6
-0.7000000000000001
0.6999999999999998
0.4
0.1
-0.9
1.0999999999999999
0.30000000000000004
0.4
0
-0.6000000000000001
1.4000000000000001
0.1
-1.3877787807814457e-16
0.30000000000000004
0
-5.551115123125783e-17
0.6
-1.1
0.6
1.5000000000000007
-0.5000000000000001
0.5
1.3
0.1
0.2
0.8999999999999999
0.7
-0.7000000000000002
1.0999999999999999
2.400000000000001
-0.8
0.5999999999999999
-0.7
0.4
0
0.19999999999999998
1.3
-0.6000000000000001
0.2
0.6
1.700000000000001
-0.10000000000000003
0.2
-0.7
0.4
0.9999999999999998
0
0.5
-0.20000000000000004
0.29999999999999993
-0.30000000000000004
0.2
0.2
0.09999999999999987
1.6000000000000014
-0.9
0.30000000000000004
0
0
0.09999999999999998
0.4
0.1
-0.5
0.6
1.3
0.6
-0.5000000000000001
0.1
0.40000000000000013
0.8999999999999999
0.4
0
-0.40000000000000013
0.1
0.4
2.2000000000000015
0.5
0.1
0.2
-0.7000000000000001
0.19999999999999993
0
0.5
-1.1102230246251565e-16
0.9999999999999999
0.5999999999999999
0.2
0
-0.10000000000000003
1.3
0.7999999999999999
0.5
0.7999999999999999
0.7999999999999999
0.7
-0.5
1.6000000000000003
1.4000000000000001
0.8999999999999998
0.7
0.4999999999999999
1.2
1.4000000000000001
0.19999999999999987
-0.40000000000000013
-0.20000000000000015
0.30000000000000004
0.5
0.3999999999999999
-0.5
0.3999999999999999
0.30000000000000004
0.5
-0.8
0.6999999999999998
0.8999999999999999
-0.30000000000000004
0.3
0.1
0.2
-0.20000000000000015
-2.7755575615628914e-17
1.9000000000000012
1.5000000000000002
1.0999999999999999
0.6
0
0.9999999999999998
0.6999999999999998
-1.3877787807814457e-16
0.30000000000000004
2.2000000000000037
0.6999999999999998
-1.3877787807814457e-16
0.1
0.2
0.29999999999999993
0.4
-0.30000000000000004
0.6
2.4000000000000017
0.5
0.3999999999999999
1.2
0
0.19999999999999987
-0.5000000000000006
0.5
0.9999999999999998
0.5000000000000001
0.4999999999999999
0.1
0.8999999999999999
0.7000000000000003
0.5999999999999999
0.9999999999999999
0.1
0.7999999999999998
0.30000000000000004
2.400000000000001
2.4000000000000017
0.09999999999999987
0.1
0.4
2.2000000000000015
0.1
0.2
0.1
2.600000000000003
1.5000000000000002
-0.7000000000000001
0.4
1.4000000000000001
-4.163336342344337e-16
0.4
0.1
0.7999999999999999
0.3999999999999999
0.3
0
1.2000000000000008
0.9999999999999999
0.9999999999999999
1.2000000000000002
0.1
0.09999999999999998
0.30000000000000004
0.1
0.30000000000000004
-0.6
1.1000000000000005
0.2
1.7000000000000008
0.4
0.7000000000000003
2.2000000000000024
-0.4
0.7
0
0.7
0
0.2
-0.5
1.7000000000000004
-0.40000000000000013
0.8000000000000002
4.600000000000003
-0.7
0
1.0999999999999999
1.4000000000000001
0.5
0.8999999999999999
1.6000000000000003
0
-0.10000000000000006
0.8000000000000002
1.4000000000000001
-0.10000000000000003
2.600000000000001
-0.20000000000000015
-0.6000000000000001
0.4
0.5
0.3
-1.6653345369377348e-16
0.30000000000000004
0.09999999999999998
0.4
1.3000000000000007
-0.30000000000000016
2.0000000000000027
2.900000000000003
1.2
2.500000000000001
4.200000000000001
1.2
0.2
-0.10000000000000014
-0.4
0.5
0.7999999999999999
0.30000000000000004
0.7000000000000002
0.2
1.6000000000000019
0.09999999999999998
0.7999999999999999
-0.40000000000000013
0.1
-0.5
2.000000000000001
0.5
0.30000000000000004
0.3
0.5
2.2000000000000006
0
0.7
1.9000000000000006
-0.5
0.4
0.30000000000000004
0.30000000000000004
-0.30000000000000016
0.1
0.7
2.1000000000000014
1.1000000000000008
0.30000000000000004
-0.5
0.5000000000000001
0.2
-0.4
0
0.5
-0.30000000000000004
0.1999999999999999
0.3
0.5
0.2
0
0.1
1.3
0.5000000000000014
0.5
0.2
0.4
-0.8
0.3999999999999999
0.4
-2.7755575615628914e-17
0.2
0.5
0.2
0.8999999999999998
0.5
-0.10000000000000003
1.7000000000000008
0.4999999999999999
0.2999999999999999
-0.40000000000000013
1.6000000000000003
3.900000000000003
0.5999999999999999
0
0.8000000000000013
1.3
2.0000000000000004
1.9000000000000006
2.500000000000001
1.3
-2.7755575615628914e-17
-0.20000000000000007
0.1
0.6
1.4000000000000001
-0.30000000000000004
0
0.3999999999999996
0
0.09999999999999987
1.6000000000000023
0.3999999999999999
0.2
1.5000000000000007
0.1
-0.8
4.3000000000000025
-0.6000000000000001
0.6
0.2
0.09999999999999998
1.6000000000000003
4.500000000000003
0.1
0.9999999999999999
-0.7000000000000001
1.4000000000000006
0.5
0.6
0.5999999999999999
-0.5
0.30000000000000004
0.9999999999999998
0.4
0.6999999999999998
0.8000000000000005
0.7000000000000003
0.6
0.7999999999999999
-0.9
0
0.7999999999999999
-1.3877787807814457e-16
3.4000000000000035
0.2
0.30000000000000004
-0.30000000000000004
2.3000000000000007
0.4
0.1
-8.326672684688674e-17
1.0999999999999999
2.300000000000001
0.30000000000000004
0.7
0.6
0.1
-2.7755575615628914e-17
0.7
1.3000000000000003
0.4
-0.20000000000000004
0
0.2
0.2
0.30000000000000004
1.800000000000001
0.30000000000000004
-0.30000000000000016
0.2
0.5
0.1
-0.5000000000000001
0.30000000000000004
0.6
0.8999999999999999
0.1
0.8999999999999999
2.2000000000000006
-0.7
1.700000000000002
0.3999999999999999
0.2
0.8999999999999999
-0.30000000000000016
0.3999999999999998
0.9999999999999999
1.700000000000002
1.2
-2.7755575615628914e-17
0.8999999999999999
0.30000000000000004
-0.20000000000000004
1.1000000000000008
1.2
0.4999999999999999
0.1
1.1000000000000005
0.8999999999999999
2.000000000000001
0.4999999999999999
2.1000000000000005
1.9000000000000006
1.8000000000000005
0.6
0.8999999999999999
0.29999999999999993
0.6
2.6000000000000014
-0.10000000000000003
0.7
-0.8
0
2.0000000000000013
1.700000000000002
-0.9000000000000001
0
-2.7755575615628914e-17
0.09999999999999987
0.2
0.7
0.4
-0.30000000000000027
0.7999999999999999
0.3
0.8999999999999998
2.200000000000001
2.5000000000000018
2.7000000000000037
0.6
2.6000000000000028
0.8999999999999998
-0.30000000000000016
0.7
0.7
0.2
0.4
0.8999999999999999
2.2000000000000006
1.6000000000000003
0.6
0.4
1.5000000000000007
0
0.7
0.1
0.7
0.09999999999999998
0.30000000000000004
0.1
0.2
0.4
0
0.30000000000000004
0.2
0.09999999999999992
0.09999999999999987
0.6
0.7
0
0.5
0.7000000000000003
0.5
4.100000000000006
0.30000000000000004
1.0999999999999999
-0.9
2.0000000000000004
1.2000000000000004
0.6
1.8000000000000012
-0.5000000000000001
0.4
0.9999999999999998
0.5
-0.6
0.7999999999999999
-0.30000000000000016
0.29999999999999993
0.7
0.6999999999999997
1.0999999999999999
-0.5
0.5
0.7
-0.10000000000000014
0
-0.8000000000000002
0.1
0
0.5
1.0999999999999999
0
-0.20000000000000018
0.7999999999999998
-0.10000000000000014
0.6
3.500000000000001
0.8999999999999999
0.19999999999999996
0.4
0.1
2.1000000000000014
0.9999999999999997
2.900000000000002
0.30000000000000004
1.9000000000000006
1.3
-0.4
0.7999999999999999
0.1
0.8999999999999996
0.9999999999999999
0.6000000000000002
0.2
-0.10000000000000006
0
0.30000000000000004
0
-0.10000000000000006
2.0000000000000004
2.1000000000000005
-0.6
0
0.8999999999999999
0.0999999999999999
1.2
1.0999999999999999
-0.30000000000000016
1.3
1.0999999999999999
0.1
0.6
0.4
3.700000000000003
1.0000000000000002
0.5999999999999999
-0.30000000000000004
0.8999999999999998
0.6999999999999996
0.7999999999999999
0.5
0.30000000000000004
0.6
0.8000000000000002
0.5
1.3
0.1
0.3999999999999999
1.4000000000000001
1.6000000000000003
0
4.200000000000003
0.2
-0.6000000000000001
2.5000000000000027
0.19999999999999996
2.4000000000000044
1.600000000000001
0.1
-0.7000000000000001
0.5
1.3
0.30000000000000004
1.2
0.4
0.2
0.9999999999999998
-0.30000000000000016
0
1.0999999999999999
-0.30000000000000004
1.600000000000001
0.6
0.7000000000000002
1.600000000000001
0.40000000000000013
-5.551115123125783e-17
0
0.5
-0.9
0.9999999999999999
2.400000000000004
0.4
0.2999999999999998
0.4
0.8999999999999998
-0.10000000000000003
1.9000000000000006
2.0000000000000004
1.6
0.6
1.900000000000001
1.3000000000000025
0.7999999999999999
1.3
-0.5000000000000001
0.4
0.8
0
1.600000000000001
0.5
0.1
0.4
2.2000000000000006
0.3
-0.30000000000000004
0.5
-0.20000000000000004
0.3999999999999999
0.6000000000000002
2.3000000000000007
0.6999999999999998
0.5
1.3
-0.6
0.4
0.30000000000000004
0.5
0
3.0000000000000027
0.3
-1.3877787807814457e-16
1.600000000000001
2.800000000000003
0.7
0.1
4.499999999999999
0
1.3
2.800000000000003
0.8999999999999999
0.5
1.1000000000000005
0.6
2.900000000000003
-0.5
0.8000000000000003
0.2
1.6000000000000005
-0.40000000000000013
2.900000000000002
0.9999999999999999
2.400000000000001
1.7000000000000004
1.0999999999999999
-0.40000000000000013
0
2.5000000000000018
0.19999999999999987
0.5
1.2000000000000015
1.3
0.1999999999999998
0.1
0.8
0.6
0.7999999999999998
0.7000000000000003
2.900000000000003
0.1
0.30000000000000004
1.7000000000000004
0.2
-0.30000000000000016
0.6999999999999998
-0.4
0.5000000000000002
0.4
0.30000000000000004
4.399999999999996
0.6
0.8000000000000005
0.2
2.0000000000000013
0.6
0
0.2
0.8999999999999999
0.9999999999999999
0.8999999999999999
-0.40000000000000013
0.30000000000000004
2.4000000000000012
2.5000000000000018
-0.10000000000000014
0.6
0.1
1.8000000000000005
0.7999999999999999
-0.4
0.2
0.5
1.2
-1.3877787807814457e-16
0.1
1.4000000000000001
0.8999999999999999
1.5000000000000007
-0.30000000000000004
1.0999999999999999
0.5
1.5000000000000004
1.7000000000000004
0.1
-1.3877787807814457e-16
-0.20000000000000004
1.9000000000000006
0.7
0.5
1.0999999999999999
2.2000000000000006
0.7
0.4999999999999999
0.1
0.7
1.4000000000000001
-0.10000000000000014
0.7
0.1
1.4000000000000001
0.30000000000000004
0.4999999999999999
0
0.1
0.1
0.6999999999999998
1.4000000000000017
0.7
1.9000000000000006
0.3
0.5
0.09999999999999998
2.5000000000000018
2.2000000000000006
-0.30000000000000016
0.4999999999999999
0.1
0.5
1.0999999999999999
1.3
0.1
2.100000000000002
0.7
0.5
0.1
1.5000000000000009
0.9999999999999999
2.2000000000000006
0.7
4.999999999999998
0.6
0.2
0.7999999999999999
0.5
0.5
1.6000000000000003
1.7000000000000004
-0.5
0.4
0
0.30000000000000004
0.1
0.2
1.0000000000000004
1.4000000000000001
0.4
0.19999999999999998
0.30000000000000004
1.5000000000000002
0.4
0.2
0.2
-1
0.7000000000000004
0.8
1.600000000000001
1.0000000000000004
0.1
0.5
0.19999999999999987
1.600000000000001
0.5
0
0
2.600000000000002
1.9000000000000006
0
-0.20000000000000026
0.6
0.19999999999999998
0.4999999999999999
0
0.5
0
0.7999999999999998
2.100000000000001
0.6
0.7999999999999998
2.3000000000000007
-0.7
0.5
2.600000000000001
-1.3877787807814457e-16
3.1000000000000023
0.3999999999999999
0.1
0
1.5000000000000009
0.7999999999999998
-0.40000000000000013
2.900000000000003
1.2000000000000006
1.1000000000000005
0.4
1.5000000000000002
0.3999999999999999
-0.4
1.0999999999999999
0.1
3.3000000000000034
0.8000000000000002
0.7
0.8000000000000003
0.09999999999999992
0
0.5000000000000002
1.3
1.5000000000000002
0.5
0
0.7999999999999999
2.500000000000001
-0.8
0.7
1.9000000000000006
0.1
2.400000000000001
0.3999999999999999
0.6000000000000003
0.7000000000000002
1.0999999999999999
-0.20000000000000015
0.6
3.3000000000000016
0.6
0.6000000000000003
1.3000000000000005
-0.10000000000000003
0.19999999999999996
0.8999999999999999
3.3000000000000025
1.0
-0.10000000000000003
3.300000000000002
1.1000000000000005
0.7999999999999999
0.19999999999999998
0.5
0.1
0.7
0.7999999999999998
3.500000000000004
1.8000000000000005
-0.4
2.1000000000000005
-0.30000000000000016
1.5000000000000002
3.1000000000000014
-0.8
1.600000000000001
1.0000000000000004
0.2
0.30000000000000004
2.8000000000000047
0.8000000000000005
4.600000000000001
3.200000000000003
0.4
0.4
0.2
5.999999999999993
0.6
1.4000000000000001
0.09999999999999998
6.999999999999985
0.2
0.1
0.1
0.5
0.4
-0.20000000000000004
2.4000000000000017
0.2
0.8999999999999999
0.9999999999999999
0.2
-0.6
0.2
0.6
0.8999999999999999
0.7
1.0999999999999999
1.9000000000000006
0.9999999999999999
1.700000000000001
2.4000000000000017
0
1.600000000000001
1.4000000000000001
0.1
0.29999999999999993
0.1
1.4000000000000001
1.5000000000000002
-0.7000000000000001
0.7999999999999999
1.8000000000000012
0.1
3.3000000000000025
-0.4
0.9999999999999999
-1.3877787807814457e-16
-0.5
2.3000000000000016
0.2
0.9999999999999998
0.19999999999999993
4.200000000000002
0.1
0.4999999999999999
0.6999999999999998
0.6
0.8999999999999999
-1
1.9000000000000006
1.2
-0.20000000000000004
4.200000000000002
0
-0.10000000000000003
0.9999999999999999
1.6000000000000003
0.4
0.4
3.7000000000000024
0.30000000000000004
0.19999999999999996
0.7999999999999999
0.6
3.700000000000003
1.0000000000000013
0.4
2.600000000000001
3.300000000000003
3.0000000000000013
0.2
0.2
1.7000000000000004
0.9000000000000001
0.7
0.30000000000000004
0.4
2.800000000000001
4.800000000000001
0.30000000000000004
-0.8
-1.1102230246251565e-16
0.7
0
0.9999999999999999
1.0999999999999999
0.8999999999999998
0.8999999999999999
0.7999999999999999
3.5000000000000036
0
0.4
5.599999999999996
0.7
3.000000000000002
2.2000000000000006
2.2000000000000015
0.09999999999999998
0.30000000000000004
0.7999999999999999
-0.40000000000000013
1.3
0
0.5999999999999999
0.30000000000000004
0.8999999999999999
-0.7000000000000001
1.6000000000000003
2.700000000000001
0.9000000000000004
0.4
0.5
0.5000000000000002
0.30000000000000004
0.8999999999999999
0.7999999999999999
0.6999999999999998
0.8999999999999999
2.2000000000000006
0.09999999999999987
0.1
0.30000000000000004
1.5000000000000002
1.5
0.30000000000000004
0.4
0.1
1.4000000000000004
1.4000000000000008
0.30000000000000004
1.0999999999999999
2.800000000000003
1.3000000000000007
0.4
0.2
3.800000000000003
1.4000000000000017
1.6000000000000003
4.000000000000002
0.8999999999999999
4.599999999999998
1.7000000000000004
1.5000000000000002
0
1.4000000000000008
0.7999999999999999
1.3
0.30000000000000004
1.5000000000000002
2.700000000000002
8.399999999999977
0.4
0.7
0.2
0.6
8.199999999999978
3.100000000000004
0.8999999999999999
0.4
0.7999999999999999
3.5000000000000027
5.1999999999999975
3.3000000000000043
2.100000000000002
0.1
2.4000000000000017
2.0000000000000004
1.5000000000000002
0.6
0.6
0.2
-0.30000000000000004
2.4000000000000026
0.7000000000000003
1.6000000000000003
2.3000000000000007
1.700000000000001
0
0.8999999999999999
0.5
1.5000000000000002
0.7999999999999999
-0.7000000000000001
0.7000000000000004
2.700000000000001
2.0000000000000004
0.1
0.9999999999999997
1.6000000000000003
2.0000000000000004
-0.20000000000000007
3.1000000000000023
0.30000000000000004
0
0.4
0.7999999999999998
5.999999999999993
0
0
9.299999999999976
-0.40000000000000013
1.6000000000000003
1.4000000000000001
0.2
0.1
0.09999999999999987
0.5
0.7
0.7999999999999999
3.000000000000002
2.3000000000000025
1.4000000000000001
0
0.7999999999999999
0.7
0.1
1.2
0.4
1.4000000000000001
-5.551115123125783e-17
0.5
0.1
0.1
2.5000000000000013
0.5
2.3000000000000016
-1.3877787807814457e-16
0.7
-2.7755575615628914e-17
3.800000000000003
0.9999999999999999
0.40000000000000013
1.9000000000000006
6.299999999999989
3.2000000000000015
0.7
0.1
0.9999999999999999
1.3000000000000007
0.30000000000000004
3.3000000000000016
1.6000000000000003
1.3
-0.40000000000000013
0
0.6999999999999998
2.4000000000000012
2.1000000000000005
1.2
0.9999999999999999
2.0000000000000013
1.4000000000000001
3.2000000000000015
0.19999999999999987
3.6000000000000028
2.0000000000000013
2.9000000000000012
-0.8
1.600000000000001
0.30000000000000004
4.8
0.2
2.3000000000000007
0.5999999999999999
-8.326672684688674e-17
0.30000000000000004
1.4000000000000006
1.0999999999999999
-0.7000000000000001
0.2
0.29999999999999993
3.5000000000000036
2.4000000000000012
0.8999999999999999
0.09999999999999998
0.3999999999999999
5.199999999999999
1.700000000000001
2.400000000000001
0.6
2.600000000000002
0.6
4.300000000000001
0.7
-0.7000000000000001
0.6
1.9000000000000006
4.699999999999999
1.2
1.9000000000000006
1.7000000000000004
2.3000000000000007
4.100000000000001
0.9999999999999999
0.19999999999999998
0.1
4.0000000000000036
0.7
1.5000000000000002
0.7
0.6
2.9000000000000012
7.599999999999985
0.8999999999999999
4.999999999999999
-0.7000000000000001
4.599999999999996
0.6
-0.10000000000000009
0.6
4.199999999999998
0.30000000000000004
2.400000000000001
0.29999999999999993
1.4000000000000001
3.2000000000000015
2.500000000000001
0.09999999999999998
2.800000000000002
1.3000000000000005
0.9999999999999999
0.7999999999999999
0.5999999999999999
3.5000000000000018
0.09999999999999998
0.4
-0.4
1.3
2.6000000000000014
0.5
1.7000000000000006
1.3000000000000007
1.0000000000000002
4.7
-1.3877787807814457e-16
2.4000000000000017
0.4
-0.7
0
5.1
2.9000000000000017
3.7000000000000024
-2.7755575615628914e-17
1.5000000000000002
3.800000000000003
1.2
-0.20000000000000007
0.30000000000000004
2.5000000000000018
12.899999999999963
-0.30000000000000004
0.1
1.2
1.4000000000000008
1.4000000000000001
3.1000000000000014
1.2000000000000006
0.4
5.199999999999997
0.30000000000000004
1.9000000000000006
2.400000000000001
0.30000000000000004
2.0000000000000004
3.3000000000000025
-0.20000000000000007
0.2
3.3000000000000016
-0.9
3.5000000000000018
0.19999999999999996
1.2
1.0999999999999999
1.2
1.0999999999999999
-0.5
0.4
3.600000000000002
1.600000000000001
6.099999999999992
-2.7755575615628914e-17
0.7999999999999999
5.099999999999995
-0.20000000000000004
2.0000000000000013
2.700000000000001
3.800000000000004
3.1000000000000023
3.500000000000002
0.6
1.9000000000000015
0.7999999999999998
5.099999999999999
0.7
1.5000000000000002
6.2999999999999945
0.7
0.5
1.3
0.6
0.7
2.800000000000001
3.800000000000004
2.8000000000000025
1.8000000000000005
-1.3877787807814457e-16
3.500000000000002
0.1
3.700000000000002
-0.20000000000000015
3.800000000000003
1.8000000000000005
0.19999999999999987
5.999999999999996
3.200000000000002
6.49999999999999
1.7000000000000004
7.999999999999985
0.1
0.8999999999999999
3.8999999999999995
3.3000000000000025
0.30000000000000004
0.5
4.199999999999999
1.0999999999999999
3.3000000000000016
0.5
2.500000000000001
1.8000000000000005
1.3000000000000003
2.3000000000000007
0
2.1000000000000005
2.0000000000000013
2.500000000000001
1.4000000000000001
0.8999999999999999
0.1
-0.7
3.5000000000000027
0.7999999999999999
0.7999999999999999
1.3000000000000005
0.3999999999999999
0
0.2
-0.10000000000000003
4.799999999999995
4.200000000000001
2.3000000000000016
3.800000000000002
2.9000000000000012
0
0.2
10.299999999999974
9.599999999999971
1.8000000000000005
3.5000000000000018
2.700000000000001
0.1
2.9000000000000012
0.4
0.8999999999999999
0.7
1.3
7.899999999999989
1.2
0.7999999999999998
0.30000000000000004
16.799999999999972
2.2000000000000006
1.600000000000001
0.6
0.7000000000000004
2.800000000000001
3.800000000000003
0.7
1.0999999999999999
0.6
0.4
7.499999999999987
0.3999999999999999
0.6
3.0000000000000013
5.899999999999992
8.199999999999983
2.800000000000002
0.30000000000000004
3.500000000000002
0.1
0.6
8.599999999999977
3.9000000000000035
0.4
0.30000000000000004
0.4
0.1
1.6000000000000003
1.3
-0.30000000000000004
1.3
0.2
7.199999999999989
2.700000000000001
-0.30000000000000004
0.7999999999999999
2.700000000000002
6.9999999999999885
0
0.29999999999999993
1.6000000000000003
2.900000000000002
7.499999999999987
5.799999999999995
2.300000000000002
3.0000000000000018
5.999999999999996
2.800000000000001
1.6000000000000003
0.4999999999999999
4.4
9.099999999999982
1.9000000000000006
1.2
1.4000000000000001
-0.10000000000000003
4.899999999999995
2.400000000000001
4.400000000000001
1.6000000000000003
2.9000000000000012
5.899999999999995
4.5
0.1
2.600000000000001
3.0000000000000013
7.699999999999987
0.4
5.099999999999999
2.2000000000000015
1.9000000000000012
4.500000000000001
3.6000000000000028
3.4000000000000017
0.30000000000000004
0.7999999999999999
0
0
6.899999999999992
1.4000000000000001
1.700000000000001
0.5
0.8999999999999999
0.30000000000000004
0.3
1.4000000000000001
0.19999999999999987
8.599999999999982
1.8000000000000005
6.79999999999999
0.4
1.3
0.7
0.9999999999999999
2.800000000000003
3.1000000000000014
0.9999999999999999
0.7999999999999999
1.2
2.800000000000001
1.7000000000000004
1.8000000000000005
0.4999999999999999
2.600000000000002
6.699999999999992
1.900000000000001
0.5
5.399999999999997
2.1000000000000005
4.500000000000001
1.4000000000000001
10.499999999999972
5.399999999999993
0.4
1.9000000000000006
5.4999999999999964
-0.10000000000000014
0.4
0.7
0.7
8.599999999999984
0.9999999999999999
0.8999999999999998
5.599999999999996
5.699999999999996
0
0.19999999999999993
0
3.0000000000000013
1.2000000000000006
1.5000000000000002
0.9999999999999999
4.8
0.6
1.2
1.5000000000000002
0.1
3.5000000000000027
3.1000000000000023
8.499999999999984
1.6000000000000003
1.3
2.5000000000000018
13.499999999999963
2.000000000000001
6.899999999999987
2.3000000000000007
2.4000000000000017
0.6
20.300000000000015
0.7
3.7000000000000037
0.4
0.5999999999999999
3.3000000000000016
0.1
0.8999999999999999
3.900000000000002
1.4000000000000006
3.900000000000003
4.599999999999998
6.799999999999989
0.4
8.299999999999983
0.5
0.30000000000000004
2.600000000000001
5.399999999999996
1.0999999999999999
3.4000000000000012
1.6000000000000003
3.400000000000002
0.8999999999999999
6.099999999999991
0.8999999999999999
1.6000000000000003
5.1999999999999975
2.8000000000000016
2.1000000000000005
1.2
2.2000000000000006
4.200000000000002
4.4
2.400000000000001
0.7999999999999998
4.800000000000001
2.5000000000000018
0.1
1.4000000000000001
7.199999999999985
2.500000000000001
1.7000000000000006
1.7000000000000004
6.399999999999993
4.899999999999999
7.699999999999985
1.4000000000000001
14.39999999999995
1.8000000000000012
2.0000000000000004
1.2
3.700000000000003
3.700000000000002
14.09999999999995
27.000000000000146
10.799999999999972
7.599999999999985
13.499999999999963
-1.1102230246251565e-16
12.099999999999968
1.1000000000000003
7.39999999999999
6.999999999999988
4.600000000000001
1.0999999999999999
0
1.8000000000000005
2.8000000000000016
2.3000000000000016
0.5
4.799999999999999
3.900000000000002
1.5000000000000002
8.699999999999985
1.5000000000000002
2.4000000000000017
3.1000000000000014
0.5999999999999999
2.9000000000000012
4.8999999999999995
1.8000000000000005
6.099999999999992
3.600000000000002
1.5000000000000002
3.2000000000000024
0.7999999999999999
8.599999999999987
3.0000000000000013
8.59999999999998
7.699999999999986
2.2000000000000006
4.999999999999991
2.0000000000000004
1.600000000000001
2.900000000000002
4.8999999999999995
0.4
7.199999999999991
2.5000000000000018
2.700000000000001
5.099999999999994
2.9000000000000012
2.0000000000000004
1.5000000000000002
0.5
4.300000000000002
1.0000000000000004
3.3000000000000016
0.7
2.0000000000000004
0.29999999999999993
0.1
2.3000000000000007
7.59999999999999
9.999999999999975
3.800000000000003
5.6999999999999975
1.6000000000000003
4.699999999999999
1.9000000000000015
5.899999999999996
1.7000000000000004
4.100000000000001
-0.10000000000000003
3.600000000000002
0
0.4
3.0000000000000018
6.59999999999999
1.300000000000001
15.299999999999953
1.3
10.799999999999972
4.100000000000001
2.2000000000000006
1.8000000000000012
3.800000000000003
2.3000000000000007
1.5000000000000002
0.7
4.399999999999997
15.599999999999953
4.999999999999998
1.8000000000000005
8.099999999999985
1.9000000000000006
3.700000000000002
4.400000000000001
3.800000000000003
0.8999999999999999
6.59999999999999
10.199999999999976
2.4000000000000017
4.300000000000001
1.8000000000000012
0.9999999999999999
3.5000000000000027
9.699999999999974
15.999999999999948
1.8000000000000007
1.2
2.3000000000000007
1.8000000000000005
2.0000000000000004
1.2
4.099999999999998
0.6
4.200000000000002
1.8000000000000005
9.29999999999998
3.0000000000000013
1.7000000000000004
5.999999999999996
4.099999999999999
7.299999999999986
5.899999999999996
0.19999999999999987
1.0999999999999999
0.5
0.7999999999999999
2.4000000000000017
0.7999999999999999
4.699999999999999
0.7
3.2000000000000024
6.299999999999994
8.29999999999998
1.5000000000000002
9.199999999999976
0.1
7.599999999999985
9.099999999999978
4.1
1.9000000000000006
4.7
1.4000000000000001
0
1.5000000000000009
6.299999999999994
0.30000000000000004
1.0999999999999999
4.400000000000001
4.100000000000002
14.599999999999957
5.699999999999997
14.999999999999952
4.799999999999995
0.30000000000000004
4.000000000000001
4.199999999999999
2.2000000000000006
3.800000000000003
1.4000000000000001
7.899999999999986
0.7000000000000003
6.49999999999999
2.500000000000001
0.8999999999999999
7.399999999999989
2.2000000000000006
-0.30000000000000016
4.100000000000001
3.5000000000000018
6.699999999999989
2.3000000000000007
7.999999999999984
2.2000000000000015
5.899999999999993
1.700000000000001
1.2
6.899999999999989
11.999999999999964
2.800000000000001
1.6000000000000005
7.899999999999981
3.0000000000000013
0.6
3.1000000000000014
0
1.5000000000000002
3.5000000000000018
0.8999999999999999
3.600000000000002
6.699999999999989
10.099999999999978
1.0999999999999999
9.499999999999979
0.2
12.799999999999963
5.499999999999995
4.699999999999999
8.199999999999983
8.799999999999983
6.6999999999999895
4.300000000000001
4.799999999999999
0.1
1.8000000000000005
18.00000000000001
6.099999999999991
0.5
0.7
1.6000000000000003
12.499999999999966
0
3.1000000000000023
3.2000000000000015
1.2
0.1
1.3
16.099999999999955
2.5000000000000027
4.899999999999999
0.8999999999999998
4.300000000000001
0.30000000000000004
0.2
8.799999999999983
0.9999999999999999
-0.7000000000000001
14.699999999999953
0.4
1.9000000000000006
1.3
9.999999999999979
4.000000000000003
1.4000000000000008
3.600000000000002
4.799999999999998
3.4000000000000017
2.800000000000001
1.6000000000000008
5.599999999999993
10.999999999999972
3.700000000000002
5.599999999999994
3.800000000000003
7.6999999999999895
2.500000000000001
0.7999999999999999
3.000000000000002
2.1000000000000005
0.8999999999999998
0.8999999999999999
4.399999999999997
0
2.500000000000001
1.4000000000000001
5.199999999999998
5.199999999999998
3.900000000000003
2.9000000000000012
0.09999999999999987
0.6
2.800000000000001
5.899999999999996
15.099999999999953
3.0000000000000013
11.299999999999974
0.4
-0.9
0.4
3.1000000000000014
1.3000000000000007
12.299999999999967
1.2
5.799999999999992
4.3999999999999995
12.199999999999969
8.399999999999983
1.6000000000000003
1.3000000000000005
3.9000000000000026
2.4000000000000012
0.7
2.600000000000002
7.899999999999984
1.5000000000000009
2.9000000000000012
5.499999999999994
14.29999999999996
0.6999999999999998
0.7
3.1000000000000014
1.4000000000000001
3.1000000000000014
0.29999999999999993
2.400000000000001
0.2
4.100000000000002
3.6000000000000028
1.6000000000000003
5.499999999999997
-0.4
1.5000000000000002
7.699999999999987
2.1000000000000005
1.3
8.199999999999985
1.2
17.79999999999998
24.50000000000008
9.79999999999998
9.19999999999998
3.5000000000000018
3.2000000000000015
7.199999999999987
2.800000000000002
4.000000000000002
2.700000000000001
4.500000000000001
5.199999999999998
2.000000000000001
10.699999999999976
3.900000000000003
0.2
7.499999999999989
15.39999999999995
0.7999999999999999
9.099999999999982
4.999999999999999
12.799999999999969
5.099999999999994
25.400000000000112
0.30000000000000004
8.89999999999998
8.899999999999983
1.9000000000000006
5.899999999999996
5.299999999999994
0.6
14.199999999999962
2.4000000000000017
1.3
1.7000000000000004
2.4000000000000017
1.4000000000000001
5.699999999999997
0.9999999999999999
0.1
-0.40000000000000013
3.9999999999999982
1.8000000000000005
4.7
1.2
2.0000000000000004
1.9000000000000012
0.1
1.3
4.799999999999999
1.5000000000000002
0.2
1.9000000000000006
6.399999999999995
7.599999999999985
5.299999999999996
3.3000000000000016
1.4000000000000001
0
2.700000000000001
1.7000000000000004
23.400000000000084
3.1000000000000014
2.2000000000000006
10.299999999999976
0.5
9.899999999999979
1.5000000000000002
7.899999999999984
11.399999999999972
10.699999999999978
4.999999999999995
8.799999999999981
7.999999999999986
11.299999999999969
1.8000000000000005
3.800000000000002
3.1000000000000014
7.699999999999987
4.899999999999995
3.4000000000000017
11.399999999999974
1.3
0.9999999999999999
1.8000000000000005
2.800000000000002
0.8999999999999999
0
0
22.000000000000053
0.8000000000000005
2.500000000000001
5.599999999999997
22.600000000000062
4.6
4.8
16.89999999999998
2.2000000000000006
0.7
8.799999999999983
4.6
3.0000000000000013
0.4
30.3000000000002
3.0000000000000013
1.5000000000000002
3.1000000000000014
1.9000000000000006
2.700000000000001
0.2
0.7
0.29999999999999993
0.2
26.00000000000011
2.700000000000001
0.9999999999999998
6.6999999999999895
14.199999999999964
6.599999999999989
10.699999999999974
10.799999999999974
3.1000000000000014
4.500000000000001
2.800000000000001
11.099999999999975
0.2
2.1000000000000014
10.899999999999967
19.800000000000008
7.899999999999984
1.8000000000000005
1.600000000000001
0.8999999999999999
4.000000000000002
0.7
11.499999999999968
2.400000000000001
21.900000000000052
0.6
15.99999999999996
0.5
3.900000000000002
0.7
1.3
3.600000000000002
8.699999999999982
15.399999999999956
5.899999999999996
12.099999999999968
4.8999999999999995
0.2
5.799999999999996
7.49999999999999
2.0000000000000004
6.699999999999991
1.2
0
7.699999999999987
9.19999999999998
3.0000000000000018
13.899999999999965
7.699999999999985
10.299999999999978
0.7999999999999999
4.100000000000002
5.699999999999992
5.399999999999993
4.200000000000001
3.600000000000002
5.899999999999996
11.899999999999972
2.9000000000000017
4.200000000000002
4.499999999999997
0.1
0.2
10.599999999999977
3.900000000000002
8.199999999999989
0.1
11.499999999999972
0.8999999999999998
4.699999999999996
7.49999999999999
11.399999999999968
9.199999999999985
4.6000000000000005
1.2
0.7999999999999999
1.2
2.9000000000000012
1.8000000000000005
0.7
30.800000000000203
3.4000000000000004
4.999999999999998
2.600000000000002
24.700000000000102
8.199999999999985
30.100000000000197
32.700000000000244
6.799999999999988
10.799999999999974
7.599999999999985
1.9000000000000008
4.100000000000001
10.899999999999975
0.7999999999999999
3.5000000000000018
-0.6000000000000001
3.700000000000002
15.799999999999965
1.9000000000000006
19.600000000000016
7.099999999999987
18.400000000000006
5.999999999999995
1.3
4.4
6.2999999999999945
1.5000000000000002
7.699999999999989
3.700000000000002
14.999999999999961
3.000000000000002
4.5
38.20000000000031
3.900000000000002
6.79999999999999
7.699999999999985
9.999999999999977
3.700000000000002
3.000000000000002
0.7
4.899999999999999
4.200000000000001
0.1
0.5
1.8000000000000005
1.3
1.8000000000000005
4.500000000000001
1.0999999999999999
3.700000000000002
6.599999999999993
0.7999999999999999
6.999999999999992
2.400000000000001
0.4
2.800000000000001
4.799999999999995
2.800000000000001
6.999999999999988
7.2999999999999865
10.599999999999975
14.099999999999962
9.299999999999985
0.19999999999999993
5.099999999999998
26.300000000000118
1.2
4.499999999999998
0.7999999999999999
9.699999999999978
0.8999999999999999
0.1
7.999999999999988
1.2
24.800000000000093
7.499999999999986
2.3000000000000007
3.8000000000000007
12.09999999999997
1.0999999999999999
15.999999999999956
6.399999999999993
0.30000000000000004
1.600000000000001
0.1
10.599999999999975
2.500000000000001
34.100000000000236
5.299999999999997
1.2
6.099999999999991
16.99999999999998
5.1999999999999975
12.899999999999968
2.1000000000000005
4.899999999999999
7.099999999999992
3.4000000000000017
1.3000000000000007
2.3000000000000007
0.8999999999999999
28.200000000000156
0.7999999999999999
3.800000000000002
4.999999999999999
25.600000000000104
0
15.29999999999996
7.699999999999989
6.899999999999992
2.3000000000000016
5.799999999999995
2.400000000000001
12.899999999999967
15.799999999999965
7.499999999999989
32.80000000000022
1.6000000000000003
13.799999999999963
0.7
40.30000000000033
9.599999999999984
9.499999999999984
14.89999999999996
8.499999999999986
16.499999999999964
9.399999999999979
2.0000000000000004
10.69999999999998
1.4000000000000008
0.1
17.09999999999997
31.600000000000193
27.100000000000144
13.999999999999963
10.499999999999979
3.800000000000003
16.199999999999953
6.999999999999991
3.900000000000002
2.600000000000001
3.0000000000000013
20.900000000000027
5.299999999999997
43.600000000000385
4.4
6.999999999999991
18.199999999999985
7.19999999999999
6.399999999999994
7.499999999999986
2.400000000000001
3.3000000000000016
13.199999999999967
12.399999999999968
1.8000000000000012
20.000000000000025
3.4000000000000017
7.299999999999991
2.9000000000000012
2.1000000000000014
5.999999999999995
5.599999999999997
1.5000000000000002
0.30000000000000004
32.20000000000021
2.2000000000000006
3.900000000000003
10.099999999999977
8.099999999999987
1.9000000000000006
11.69999999999997
10.599999999999977
17.49999999999998
0.9999999999999999
9.199999999999983
1.3
7.899999999999988
2.0000000000000004
0.6
5.999999999999995
5.299999999999998
7.39999999999999
5.899999999999995
7.29999999999999
7.599999999999985
2.1000000000000005
13.599999999999964
7.19999999999999
11.499999999999973
0.5
4.300000000000002
16.199999999999957
15.799999999999956
85.89999999999937
6.699999999999989
6.699999999999992
4.000000000000002
14.299999999999962
11.799999999999974
19.80000000000001
77.89999999999989
5.399999999999998
2.1000000000000005
8.699999999999985
1.7000000000000004
5.799999999999996
3.1000000000000014
21.000000000000025
1.8000000000000005
5.299999999999998
58.8000000000006
1.9000000000000006
22.300000000000058
6.299999999999994
5.399999999999997
13.39999999999997
0.6
0.30000000000000004
1.8000000000000005
36.00000000000025
3.1000000000000014
12.999999999999972
21.40000000000005
6.199999999999994
15.499999999999957
3.800000000000002
17.499999999999975
4.100000000000001
33.30000000000021
29.40000000000016
15.399999999999961
37.50000000000028
8.799999999999986
28.000000000000124
1.7000000000000004
22.80000000000007
4.200000000000001
2.1000000000000005
6.199999999999994
33.60000000000022
35.100000000000236
14.499999999999961
0.1
18.399999999999988
5.799999999999995
14.099999999999962
42.20000000000034
2.700000000000001
33.30000000000022
12.699999999999967
2.0000000000000004
12.199999999999969
0.7
16.79999999999997
1.8000000000000014
7.499999999999989
13.199999999999966
6.199999999999994
10.199999999999976
8.399999999999986
28.600000000000133
32.80000000000021
8.199999999999983
16.999999999999975
8.799999999999985
17.599999999999977
5.399999999999997
4.099999999999998
8.799999999999985
24.80000000000008
11.199999999999974
24.400000000000073
55.30000000000054
7.099999999999991
20.400000000000034
10.29999999999998
65.50000000000054
23.70000000000008
14.69999999999996
10.699999999999978
6.39999999999999
29.400000000000162
32.00000000000019
22.10000000000004
17.89999999999998
26.4000000000001
15.099999999999964
30.90000000000018
13.699999999999967
6.399999999999993
14.69999999999996
34.300000000000225
1.3
12.69999999999997
53.90000000000052
12.299999999999969
4.300000000000001
3.0000000000000013
15.599999999999957
4.5
10.199999999999976
42.30000000000034
23.300000000000058
14.499999999999961
39.200000000000294
4.699999999999999
51.200000000000486
18.59999999999999
20.500000000000018
20.500000000000018
3.800000000000002
16.799999999999972
29.800000000000168
11.099999999999977
32.0000000000002
24.500000000000075
0.7999999999999998
25.200000000000102
1.9000000000000006
25.00000000000008
8.099999999999987
16.599999999999962
23.00000000000007
29.10000000000014
0.8999999999999999
12.899999999999972
4.6
6.499999999999994
18.299999999999986
18.399999999999988
28.200000000000127
17.299999999999972
4.899999999999999
0.7999999999999999
12.799999999999972
18.099999999999984
45.90000000000039
0.9999999999999998
31.900000000000198
5.8999999999999915
15.199999999999962
35.900000000000254
21.20000000000003
14.499999999999966
42.000000000000334
9.199999999999985
15.199999999999958
3.4000000000000017
4.4
18.099999999999984
19.500000000000004
7.39999999999999
28.200000000000145
0.30000000000000004
16.999999999999968
3.2000000000000015
22.200000000000042
26.200000000000117
6.099999999999994
9.599999999999982
8.399999999999986
0.5
5.399999999999997
23.500000000000078
8.499999999999986
7.999999999999988
8.999999999999986
30.500000000000174
14.199999999999966
19.70000000000001
13.099999999999971
32.6000000000002
29.00000000000014
6.299999999999994
17.09999999999998
62.800000000000665
35.90000000000025
51.40000000000047
4.4
1.4000000000000001
6.699999999999992
16.999999999999968
19.800000000000008
7.6999999999999895
23.800000000000065
21.800000000000036
18.999999999999996
7.999999999999984
13.899999999999967
19.700000000000014
16.69999999999997
5.699999999999997
2.600000000000001
49.200000000000436
4.7
3.4000000000000017
14.89999999999996
24.400000000000073
8.89999999999998
7.39999999999999
59.9000000000006
13.29999999999997
7.29999999999999
0.2
0.5
10.09999999999998
0.7
18.399999999999988
1.7000000000000004
30.400000000000173
0.8999999999999999
4.000000000000002
36.90000000000028
14.399999999999965
9.099999999999985
35.40000000000024
1.8000000000000005
47.700000000000415
18.8
10.599999999999978
4.300000000000001
18.9
14.099999999999966
13.099999999999968
41.80000000000037
5.599999999999996
0.7
80.59999999999968
14.399999999999961
0
34.40000000000024
8.499999999999982
17.999999999999986
20.300000000000022
2.500000000000001
9.19999999999998
4.4
1.5000000000000002
57.80000000000057
0.8999999999999999
5.399999999999997
13.699999999999964
0.9999999999999999
2.3000000000000007
0.9999999999999999
2.0000000000000004
12.099999999999973
27.10000000000011
46.00000000000041
31.200000000000184
24.80000000000008
8.899999999999986
3.4000000000000017
4.699999999999996
13.09999999999997
13.39999999999997
22.00000000000006
43.70000000000036
6.29999999999999
0
32.4000000000002
10.69999999999998
7.599999999999985
35.80000000000027
5.599999999999996
14.499999999999961
13.099999999999966
8.599999999999985
27.40000000000013
3.4000000000000017
52.400000000000496
6.499999999999989
26.500000000000103
20.00000000000003
27.700000000000138
12.799999999999967
9.299999999999983
3.000000000000002
10.699999999999978
2.500000000000001
1.5000000000000002
31.10000000000019
6.399999999999993
4.200000000000002
20.30000000000003
2.3000000000000007
6.099999999999994
4.8999999999999995
19.50000000000002
2.1000000000000005
3.4000000000000017
43.400000000000354
54.00000000000054
24.400000000000073
4.5
8.699999999999987
6.8999999999999915
23.500000000000078
20.500000000000018
4.999999999999998
15.999999999999956
23.100000000000055
3.5000000000000018
6.799999999999993
21.500000000000032
48.900000000000446
4.5
24.50000000000009
0.8999999999999999
5.699999999999996
17.599999999999977
12.199999999999969
70.60000000000028
4.6
22.600000000000048
2.3000000000000007
34.80000000000024
3.7000000000000015
7.499999999999989
19.099999999999998
11.499999999999972
1.8000000000000005
4.300000000000001
7.39999999999999
6.699999999999992
4.200000000000001
28.500000000000146
10.699999999999978
27.700000000000138
4.5
9.199999999999983
11.89999999999997
1.0999999999999999
14.299999999999965
24.700000000000095
4.799999999999999
31.800000000000193
52.500000000000504
20.800000000000022
3.5000000000000027
7.699999999999989
15.199999999999958
6.999999999999991
7.39999999999999
52.1000000000005
48.80000000000045
39.8000000000003
15.199999999999964
41.30000000000033
79.39999999999975
29.90000000000015
9.099999999999982
5.999999999999995
34.40000000000024
42.400000000000354
25.500000000000107
20.800000000000022
40.10000000000031
11.699999999999974
2.600000000000001
15.899999999999961
3.4000000000000017
14.999999999999963
4.999999999999998
25.400000000000087
17.399999999999974
7.899999999999988
57.50000000000059
6.399999999999993
12.199999999999974
6.59999999999999
10.09999999999998
20.200000000000014
9.799999999999983
30.000000000000167
13.699999999999964
6.399999999999993
17.79999999999998
34.30000000000023
2.1000000000000005
28.10000000000014
25.900000000000095
1.2
25.1000000000001
74.70000000000006
2.0000000000000004
10.899999999999979
3.3000000000000016
8.499999999999984
20.300000000000015
45.00000000000039
1.5000000000000002
20.100000000000012
7.2999999999999865
4.699999999999999
20.300000000000015
32.6000000000002
10.699999999999974
25.800000000000093
5.299999999999995
4.899999999999999
10.399999999999979
21.500000000000053
11.399999999999975
0.7999999999999999
6.699999999999993
18.49999999999999
1.4000000000000001
42.20000000000034
23.400000000000073
10.899999999999977
35.600000000000264
7.599999999999989
23.000000000000068
56.20000000000055
4.899999999999999
28.90000000000015
11.399999999999972
71.70000000000023
28.700000000000152
6.699999999999992
34.10000000000023
30.80000000000018
3.600000000000002
2.0000000000000004
21.500000000000032
59.10000000000061
10.399999999999979
6.699999999999993
4.799999999999999
32.10000000000019
14.69999999999996
14.499999999999961
11.399999999999975
1.6000000000000003
7.899999999999988
17.09999999999997
26.400000000000116
0
42.700000000000344
7.29999999999999
21.60000000000005
45.20000000000038
7.899999999999989
49.30000000000045
42.000000000000334
34.400000000000226
43.900000000000375
12.999999999999966
1.3
33.10000000000021
30.300000000000157
23.900000000000084
4.5
6.699999999999992
8.899999999999986
50.00000000000046
23.90000000000008
31.50000000000019
13.999999999999966
10.499999999999977
20.100000000000012
5.099999999999998
59.100000000000605
18.299999999999986
21.900000000000038
2.500000000000001
12.599999999999971
25.500000000000107
21.700000000000035
42.100000000000335
6.999999999999988
19.800000000000008
19.099999999999998
15.399999999999958
0.30000000000000004
20.00000000000001
7.799999999999985
7.39999999999999
5.299999999999997
71.70000000000019
35.000000000000234
20.00000000000001
62.60000000000064
65.60000000000059
4.000000000000002
9.99999999999998
69.90000000000033
2.3000000000000007
31.900000000000194
2.800000000000001
2.1000000000000005
3.800000000000002
11.69999999999997
8.399999999999986
15.199999999999964
