4.7
3.700000000000002
27.300000000000146
6.799999999999993
0.1
0.5
7.19999999999999
3.8999999999999995
12.699999999999966
2.500000000000001
4.6000000000000005
0.8999999999999999
0.7999999999999999
5.999999999999992
4.100000000000002
0.7
1.2000000000000008
3.1000000000000028
12.399999999999963
7.499999999999984
2.3000000000000016
0.6
2.600000000000001
0.7999999999999998
9.59999999999997
3.700000000000003
0.40000000000000013
1.300000000000001
2.2000000000000006
0.29999999999999993
3.100000000000003
3.700000000000003
0.30000000000000004
2.800000000000003
4.000000000000004
1.2
8.799999999999978
4.999999999999997
1.3
0.19999999999999987
1.0000000000000004
5.3999999999999915
2.600000000000002
5.599999999999995
2.900000000000003
2.1000000000000028
2.600000000000001
2.1000000000000005
-2.7755575615628914e-17
3.2000000000000024
0.1
0.30000000000000004
0
6.599999999999994
0.19999999999999998
3.3000000000000034
1.8000000000000005
2.100000000000001
8.199999999999983
1.4000000000000008
0
5.899999999999989
0.4
0.4
-1.3877787807814457e-16
0.4
1.5000000000000007
4.8
3.5000000000000018
1.0999999999999999
-0.5000000000000001
3.4000000000000026
9.799999999999976
8.199999999999985
1.4000000000000001
0.09999999999999987
1.8000000000000005
10.399999999999975
7.199999999999992
1.3
1.0999999999999999
4.200000000000001
3.000000000000002
2.500000000000001
2.0000000000000013
1.0999999999999999
1.0999999999999999
0.1
1.5000000000000009
0
0.5
0.4
0.1
1.9000000000000006
1.2
0.30000000000000004
6.799999999999989
6.899999999999987
3.1000000000000014
0
4.1
1.6000000000000003
5.699999999999997
0.7999999999999999
18.1
2.300000000000002
0.4
3.800000000000002
3.900000000000003
6.599999999999993
1.2
0.7
3.9000000000000035
3.600000000000002
6.599999999999985
2.6000000000000028
1.400000000000001
0
14.599999999999953
0.6999999999999998
0.9999999999999999
0.09999999999999992
0.6
0.4
0
0.09999999999999981
1.5000000000000002
-0.5
3.9000000000000012
0.5999999999999999
2.700000000000002
-0.6000000000000001
7.799999999999988
1.6000000000000014
0
0.7999999999999999
1.3000000000000007
0.5
-0.10000000000000003
5.399999999999991
2.500000000000001
0.8999999999999999
0.7
2.9000000000000012
3.6000000000000045
0.30000000000000004
2.2000000000000006
2.6000000000000028
0.5
0.5
5.599999999999997
2.1000000000000005
4.899999999999999
-0.9
0.4
0
0
4.200000000000001
0
0.9999999999999999
0.30000000000000004
0.30000000000000004
1.5000000000000002
0.1
0.4
0.6
0.7999999999999999
0.5
0.5
10.199999999999974
0.30000000000000004
0.1
0.7999999999999999
0
2.800000000000001
0.9999999999999999
3.900000000000002
0.29999999999999993
0.7
0.29999999999999993
1.8000000000000007
0.6
0.6
6.799999999999989
3.5000000000000036
0.5
0.1
0.3999999999999999
5.799999999999995
1.0000000000000007
2.1000000000000014
0
4.999999999999999
1.3000000000000005
1.2
0.6
0.7000000000000002
4.000000000000003
2.500000000000001
12.599999999999975
4.200000000000001
1.0999999999999999
-0.8
5.099999999999999
4.8999999999999995
0.6
5.399999999999997
8.399999999999986
4.799999999999999
2.600000000000001
4.5
0.4
10.299999999999976
3.900000000000002
1.9000000000000006
0.4999999999999999
2.5000000000000018
5.099999999999996
5.899999999999995
0.30000000000000004
4.300000000000003
0.2
3.3000000000000016
11.199999999999973
2.1000000000000005
0.1
0.4
2.400000000000001
4.8999999999999995
-2.7755575615628914e-17
0.6
3.2000000000000015
1.0999999999999999
3.800000000000002
9.199999999999982
4.799999999999999
0.1
-0.9
10.099999999999977
0.1
5.1999999999999975
4.5
0.8999999999999999
3.700000000000002
0.2
1.6000000000000003
0
4.999999999999999
1.6000000000000003
6.299999999999994
1.700000000000001
0.30000000000000004
7.899999999999988
15.199999999999951
3.600000000000002
5.699999999999996
0.5
1.7000000000000004
7.099999999999984
4.000000000000002
1.6000000000000003
1.2
0.4
3.0000000000000013
6.999999999999984
1.6000000000000003
3.000000000000003
3.600000000000002
1.8000000000000005
5.299999999999997
3.7999999999999994
5.1999999999999975
7.699999999999989
8.899999999999983
4.8
1.5000000000000002
5.599999999999995
0
14.699999999999964
2.2000000000000006
0.4
1.8000000000000012
13.199999999999969
0.7
26.800000000000104
0.8999999999999999
6.2999999999999945
3.8999999999999995
9.89999999999998
4.300000000000001
11.19999999999997
0.9999999999999998
13.499999999999968
4.4
3.5000000000000018
8.899999999999986
8.499999999999982
0.9999999999999999
10.09999999999998
0.5
1.6000000000000003
2.0000000000000004
1.3
10.59999999999998
3.3000000000000016
0.6
8.299999999999988
7.499999999999989
4.000000000000002
2.800000000000001
0.1
1.6000000000000003
8.499999999999986
0.9999999999999999
1.0999999999999999
1.0999999999999999
1.3000000000000007
1.0999999999999999
0.30000000000000004
5.999999999999995
2.700000000000001
1.3
14.199999999999966
5.299999999999994
2.0000000000000004
7.699999999999989
9.899999999999977
4.5
5.599999999999996
0
3.3000000000000016
0.9999999999999999
4.500000000000001
5.999999999999991
24.300000000000068
21.800000000000033
16.199999999999957
13.29999999999997
0
2.5000000000000018
3.0000000000000013
4.200000000000001
0.2
5.599999999999996
6.599999999999989
17.999999999999982
15.499999999999952
12.09999999999997
4.000000000000003
3.700000000000003
9.89999999999998
4.399999999999997
1.5000000000000002
0.9000000000000006
0.9999999999999999
4.000000000000002
0.8999999999999999
3.600000000000002
5.199999999999998
14.99999999999996
2.600000000000001
1.8000000000000005
1.3
5.199999999999998
11.799999999999969
4.899999999999999
5.999999999999995
33.200000000000216
2.700000000000002
0.7999999999999999
1.9000000000000006
1.3
8.099999999999987
7.399999999999987
15.399999999999958
1.8000000000000005
20.30000000000003
6.899999999999992
0.1
4.999999999999999
5.699999999999996
11.99999999999997
2.3000000000000007
23.20000000000009
48.100000000000435
13.699999999999967
4.8
29.500000000000156
68.80000000000035
3.5000000000000018
27.700000000000124
19.200000000000017
0.30000000000000004
77.39999999999993
6.39999999999999
28.400000000000144
14.299999999999962
8.599999999999985
27.500000000000135
3.5000000000000018
7.29999999999999
0.6
36.00000000000027
11.999999999999973
7.999999999999984
19.700000000000006
15.299999999999958
10.799999999999974
16.699999999999964
0.7999999999999999
9.59999999999998
5.499999999999997
1.8000000000000005
0.5
44.10000000000038
39.30000000000031
36.9000000000003
23.400000000000073
8.499999999999986
8.299999999999988
0
1.4000000000000001
5.399999999999997
13.099999999999962
9.399999999999979
21.800000000000036
0.6999999999999998
10.899999999999974
2.500000000000001
11.899999999999974
3.4000000000000017
4.5
8.099999999999984
6.099999999999994
49.400000000000475
11.199999999999978
8.599999999999985
24.600000000000083
2.1000000000000005
1.9000000000000006
16.79999999999996
7.999999999999986
1.9000000000000006
8.099999999999987
24.600000000000104
2.2000000000000006
4.000000000000002
35.500000000000256
8.899999999999984
15.999999999999968
0.7
8.299999999999985
13.999999999999963
11.99999999999997
12.999999999999972
2.800000000000002
11.599999999999975
7.199999999999987
3.700000000000002
25.6000000000001
1.4000000000000001
4.400000000000001
40.80000000000032
0.5
19.099999999999998
5.699999999999996
0.5
6.799999999999992
23.300000000000058
9.799999999999983
0
3.6000000000000028
16.69999999999998
46.90000000000042
5.299999999999997
4.7
40.300000000000324
10.699999999999976
30.400000000000176
2.0000000000000013
2.9000000000000012
2.400000000000001
22.600000000000062
0.30000000000000004
2.9000000000000012
1.0999999999999999
0.30000000000000004
11.299999999999976
10.999999999999973
4.799999999999999
14.199999999999967
13.099999999999966
5.5999999999999925
13.999999999999966
0.7999999999999999
15.699999999999964
30.100000000000183
10.499999999999979
14.099999999999962
27.30000000000013
17.79999999999998
0.8999999999999999
28.200000000000145
27.500000000000128
10.999999999999973
32.300000000000196
20.100000000000012
7.499999999999986
2.1000000000000005
1.6000000000000003
12.29999999999997
1.5000000000000002
13.799999999999965
3.1000000000000014
2.0000000000000004
9.199999999999983
1.7000000000000004
8.499999999999982
16.499999999999964
8.199999999999987
24.300000000000075
6.199999999999995
1.5000000000000002
1.8000000000000005
20.70000000000002
4.899999999999999
7.299999999999991
12.499999999999972
-0.10000000000000003
5.999999999999995
3.800000000000002
5.299999999999997
8.099999999999987
6.999999999999991
12.299999999999969
9.89999999999998
0.2
72.30000000000015
5.999999999999995
10.799999999999974
33.50000000000024
10.499999999999975
11.799999999999974
0.9999999999999999
3.2000000000000024
2.3000000000000007
17.49999999999999
2.500000000000001
10.899999999999977
6.199999999999995
6.39999999999999
46.50000000000041
26.500000000000107
0.6
10.099999999999977
4.5
3.2000000000000015
8.699999999999982
26.200000000000113
5.399999999999998
9.89999999999998
22.000000000000053
1.9000000000000006
8.599999999999984
67.20000000000049
1.7000000000000004
1.2
26.900000000000123
8.599999999999985
5.399999999999995
0.30000000000000004
2.2000000000000006
6.699999999999989
17.29999999999999
13.399999999999968
5.799999999999992
17.899999999999984
2.500000000000001
2.2000000000000006
6.499999999999989
1.9000000000000006
10.29999999999998
25.400000000000105
33.900000000000226
25.900000000000095
4.500000000000001
6.5999999999999925
21.600000000000033
27.400000000000137
53.400000000000524
6.8999999999999915
26.900000000000123
0.5
15.999999999999956
2.600000000000001
0.9999999999999999
14.299999999999962
35.80000000000026
27.40000000000013
0.6
47.10000000000043
8.299999999999988
13.199999999999966
2.1000000000000005
0.7999999999999999
7.399999999999986
3.3000000000000016
16.899999999999967
3.4000000000000017
16.899999999999974
15.999999999999956
7.899999999999988
13.199999999999969
3.3000000000000016
30.800000000000164
3.600000000000002
0.8999999999999999
0.7
13.399999999999965
23.00000000000007
16.699999999999964
5.699999999999997
2.500000000000001
12.499999999999972
2.4000000000000012
17.999999999999982
28.800000000000153
1.7000000000000004
2.9000000000000012
41.400000000000325
8.799999999999985
18.099999999999984
1.3
6.299999999999994
4.699999999999999
13.099999999999966
30.600000000000176
60.50000000000063
40.00000000000032
3.2000000000000015
4.000000000000002
2.1000000000000005
24.600000000000094
3.3000000000000016
24.50000000000009
19.800000000000008
4.300000000000001
3.3000000000000025
5.1999999999999975
39.20000000000031
0.5
18.1
0.30000000000000004
3.700000000000002
11.299999999999972
11.599999999999971
32.4000000000002
26.90000000000011
3.4000000000000017
15.099999999999959
34.00000000000022
7.699999999999985
17.799999999999983
0.7999999999999999
30.600000000000176
6.8999999999999915
15.399999999999958
6.999999999999992
14.499999999999961
51.000000000000476
11.499999999999975
20.900000000000038
3.1000000000000014
13.799999999999965
2.800000000000001
9.99999999999998
3.5000000000000027
3.2000000000000015
45.40000000000038
14.299999999999967
9.29999999999998
36.10000000000025
7.499999999999986
5.099999999999998
0.6
1.4000000000000001
17.999999999999982
46.40000000000041
4.5
9.499999999999982
0.9999999999999998
12.79999999999997
44.2000000000004
47.10000000000042
20.60000000000002
7.899999999999988
0.30000000000000004
1.6000000000000003
8.999999999999984
2.500000000000001
7.799999999999988
18.59999999999999
3.600000000000002
79.99999999999972
4.000000000000003
15.199999999999958
11.89999999999997
10.699999999999978
47.20000000000042
4.100000000000001
3.6000000000000028
34.00000000000022
17.699999999999978
8.199999999999987
36.20000000000026
11.499999999999977
4.799999999999999
13.899999999999967
52.70000000000051
42.00000000000035
8.699999999999985
29.000000000000153
1.3
6.099999999999994
15.099999999999964
24.400000000000087
17.199999999999974
1.3
37.500000000000284
4.000000000000002
53.800000000000516
7.599999999999989
13.399999999999965
49.300000000000466
17.699999999999996
18.099999999999984
21.600000000000033
6.39999999999999
0.7999999999999999
3.5000000000000018
1.8000000000000005
4.799999999999999
10.699999999999974
18.999999999999996
18.099999999999984
7.899999999999989
12.999999999999966
16.49999999999996
0.7999999999999999
17.19999999999997
1.8000000000000005
5.1999999999999975
33.20000000000023
9.89999999999998
14.799999999999963
6.099999999999995
26.60000000000012
2.600000000000001
1.9000000000000006
30.30000000000017
19.600000000000005
8.499999999999986
48.40000000000046
6.299999999999994
4.899999999999999
4.699999999999999
4.200000000000001
2.700000000000001
8.599999999999985
16.099999999999955
11.699999999999974
0.2
7.499999999999989
11.299999999999972
4.6
41.20000000000034
15.099999999999959
6.8999999999999915
3.800000000000002
55.40000000000054
1.2
27.10000000000013
20.800000000000022
13.299999999999965
18.099999999999984
12.699999999999967
10.499999999999979
7.899999999999989
11.499999999999972
32.50000000000019
15.89999999999996
39.60000000000032
2.500000000000001
3.600000000000002
2.0000000000000004
1.9000000000000006
15.899999999999956
18.299999999999986
1.3
15.599999999999962
49.90000000000047
2.2000000000000006
19.50000000000002
6.5999999999999925
2.800000000000001
0.6
21.30000000000005
42.40000000000034
3.800000000000002
5.399999999999997
4.699999999999999
4.799999999999999
10.49999999999998
12.399999999999968
11.99999999999997
21.40000000000003
14.499999999999961
1.8000000000000005
8.899999999999984
17.499999999999982
1.9000000000000006
13.599999999999968
3.000000000000002
19.800000000000026
40.20000000000031
0.30000000000000004
3.700000000000002
4.699999999999999
5.699999999999997
2.9000000000000012
35.30000000000024
41.30000000000034
4.4
5.799999999999995
115.99999999999748
36.50000000000028
3.0000000000000013
3.800000000000002
10.099999999999982
3.800000000000002
2.9000000000000012
7.499999999999989
110.69999999999786
10.29999999999998
3.1000000000000014
10.999999999999977
58.0000000000006
54.00000000000052
30.40000000000016
10.699999999999978
77.99999999999982
3.800000000000002
30.900000000000166
1.6000000000000005
19.700000000000006
10.699999999999978
27.900000000000137
1.9000000000000006
53.90000000000052
5.299999999999997
3.1000000000000014
16.999999999999975
8.099999999999987
18.299999999999986
8.199999999999983
3.900000000000002
52.90000000000052
9.99999999999998
2.400000000000001
7.399999999999991
4.6
6.2999999999999945
13.399999999999965
20.300000000000015
12.499999999999968
4.300000000000001
28.400000000000144
6.399999999999993
4.699999999999999
28.800000000000153
5.599999999999996
16.799999999999965
13.199999999999966
4.999999999999998
15.199999999999958
0.5
21.40000000000003
1.8000000000000012
40.700000000000315
4.299999999999997
1.4000000000000001
15.499999999999957
46.30000000000041
84.09999999999941
1.6000000000000003
8.599999999999985
15.99999999999996
47.20000000000041
3.4000000000000017
4.5
6.5999999999999925
2.0000000000000004
35.10000000000026
20.200000000000024
14.399999999999961
3.600000000000002
0.1
11.499999999999972
4.4
5.999999999999995
48.70000000000045
0.2
17.899999999999988
6.599999999999993
0.9999999999999999
19.099999999999998
4.4
21.500000000000053
10.499999999999979
13.29999999999997
45.7000000000004
13.299999999999969
21.10000000000004
28.500000000000146
30.600000000000183
9.799999999999978
8.299999999999986
12.899999999999967
5.599999999999996
8.599999999999982
17.599999999999977
36.10000000000025
33.8000000000002
0.4
18.19999999999999
17.599999999999994
0.8999999999999999
24.20000000000007
0.2
10.399999999999975
18.699999999999992
4.200000000000001
3.0000000000000013
10.999999999999979
2.700000000000001
4.5
4.000000000000003
26.20000000000011
0.1
4.4
25.000000000000103
13.199999999999966
4.699999999999999
0.5
57.40000000000057
15.999999999999956
2.800000000000001
1.3
13.999999999999968
9.799999999999978
2.500000000000001
6.499999999999993
22.70000000000005
8.999999999999986
12.299999999999969
2.800000000000001
26.3000000000001
2.0000000000000013
2.400000000000001
1.6000000000000003
45.40000000000038
23.300000000000058
2.4000000000000012
12.89999999999997
23.300000000000075
33.50000000000022
2.4000000000000017
22.000000000000057
19.600000000000005
14.199999999999962
42.90000000000035
17.299999999999972
2.9000000000000012
22.500000000000064
5.1999999999999975
13.499999999999968
5.699999999999996
3.800000000000002
6.199999999999994
42.50000000000036
31.000000000000167
19.000000000000004
7.399999999999991
61.20000000000062
18.599999999999994
27.300000000000136
21.40000000000003
0.2
14.99999999999996
47.60000000000041
23.800000000000086
12.599999999999971
59.300000000000615
96.09999999999874
23.800000000000065
27.200000000000127
15.99999999999996
9.69999999999998
10.499999999999979
14.99999999999996
2.0000000000000004
0.4
11.499999999999972
12.89999999999997
12.899999999999972
35.60000000000024
14.89999999999996
16.699999999999964
4.200000000000001
5.399999999999997
9.799999999999978
2.600000000000001
43.10000000000035
10.999999999999973
25.800000000000093
5.599999999999995
1.3
17.799999999999986
32.90000000000021
1.8000000000000005
38.10000000000028
3.5000000000000018
2.4000000000000017
15.79999999999996
12.399999999999974
5.4999999999999964
1.2
27.800000000000143
5.599999999999996
7.199999999999987
17.099999999999973
9.299999999999985
5.899999999999995
75.40000000000003
8.89999999999998
56.90000000000056
36.90000000000027
12.399999999999974
2.3000000000000007
7.099999999999987
8.599999999999985
11.89999999999997
27.800000000000153
3.5000000000000027
5.599999999999996
1.5000000000000002
3.2000000000000015
12.499999999999968
22.200000000000042
20.600000000000016
5.799999999999992
8.499999999999986
22.60000000000006
8.599999999999985
34.80000000000024
3.0000000000000013
17.59999999999999
58.60000000000068
5.999999999999991
4.599999999999996
11.89999999999997
8.699999999999985
11.899999999999968
15.999999999999952
0.4
4.500000000000001
3.2000000000000024
10.299999999999976
30.5000000000002
5.699999999999992
12.09999999999997
17.09999999999997
15.19999999999996
-0.10000000000000003
4.699999999999999
9.49999999999998
1.4000000000000001
6.499999999999994
10.899999999999977
16.299999999999958
15.299999999999955
1.0999999999999999
15.699999999999957
1.600000000000001
27.200000000000138
1.5000000000000002
8.599999999999982
4.300000000000001
-5.551115123125783e-17
11.499999999999972
16.19999999999996
1.4000000000000008
4.699999999999996
2.1000000000000005
9.499999999999977
5.799999999999995
0.4
2.1000000000000005
27.200000000000124
7.599999999999989
3.1000000000000014
3.900000000000002
4.100000000000001
11.399999999999974
3.0000000000000013
3.1000000000000014
3.700000000000002
3.0000000000000013
8.899999999999983
6.5999999999999925
0.6
0.9999999999999999
11.399999999999974
2.800000000000001
17.199999999999978
8.199999999999989
12.29999999999997
16.99999999999997
7.099999999999987
2.1000000000000005
8.099999999999984
4.699999999999999
0.1
1.4000000000000001
8.299999999999983
11.09999999999997
17.799999999999976
18.999999999999993
7.099999999999992
11.699999999999973
6.099999999999993
9.199999999999982
5.499999999999997
18.099999999999987
15.699999999999951
2.700000000000002
5.099999999999997
13.999999999999956
0.2
4.300000000000001
2.3000000000000007
3.1000000000000014
3.2000000000000024
0.30000000000000004
2.0000000000000004
7.499999999999987
4.599999999999996
14.09999999999996
9.29999999999998
9.599999999999978
4.699999999999996
27.900000000000137
0.7999999999999999
4.6000000000000005
9.399999999999979
6.699999999999993
5.299999999999996
4.100000000000001
0.2
3.1000000000000014
4.6
0.5
7.9999999999999885
11.999999999999968
1.7000000000000004
2.0000000000000004
0.6
0.4
5.4999999999999964
6.699999999999993
3.600000000000002
4.100000000000001
10.69999999999998
4.6000000000000005
15.59999999999995
3.2000000000000015
0.6
12.299999999999969
5.799999999999995
5.099999999999999
8.599999999999982
11.299999999999969
1.0999999999999999
10.699999999999976
9.699999999999978
2.800000000000001
4.000000000000003
5.8999999999999915
0.1
4.999999999999998
8.999999999999982
1.0999999999999999
4.8
10.199999999999978
10.39999999999998
2.700000000000001
0.7
8.399999999999983
4.999999999999995
1.3
1.3
2.800000000000001
9.39999999999998
0.5
3.4000000000000017
3.900000000000002
9.399999999999979
4.200000000000001
1.3
17.099999999999973
0
9.999999999999982
8.399999999999986
3.4000000000000017
6.699999999999989
7.599999999999985
1.5000000000000002
0.30000000000000004
-2.7755575615628914e-17
8.199999999999983
0.2
7.299999999999987
2.2000000000000006
13.799999999999965
2.0000000000000004
7.6999999999999895
9.499999999999984
0.7
8.299999999999986
2.700000000000001
8.699999999999985
2.600000000000001
3.900000000000003
5.099999999999998
1.8000000000000005
3.2000000000000015
13.299999999999965
0.8999999999999999
8.299999999999986
23.300000000000082
13.999999999999963
6.2999999999999945
1.0999999999999999
5.999999999999996
1.9000000000000006
6.499999999999994
2.2000000000000006
0.8999999999999999
20.90000000000004
0.5
1.3
6.5999999999999925
10.999999999999975
7.499999999999989
10.199999999999976
5.099999999999998
1.3
23.70000000000006
1.2
0.7
2.400000000000001
10.699999999999974
1.6000000000000003
14.79999999999996
5.599999999999996
8.599999999999984
17.19999999999997
6.199999999999994
5.599999999999997
1.4000000000000001
0.5
0.5
1.6000000000000008
2.500000000000001
4.399999999999997
4.000000000000002
3.3000000000000016
3.5000000000000018
0.1
8.499999999999984
4.100000000000001
4.8999999999999995
9.799999999999978
4.500000000000001
3.5000000000000018
17.799999999999976
4.899999999999999
3.2000000000000015
8.499999999999988
0.1
0.5
13.199999999999966
0.8999999999999999
2.2000000000000006
7.19999999999999
0.1
10.899999999999974
3.2000000000000015
0.9999999999999999
7.499999999999986
4.4999999999999964
3.3000000000000016
9.499999999999979
2.1000000000000005
0.5
0.5
2.2000000000000006
3.700000000000003
11.099999999999973
4.799999999999995
5.1999999999999975
11.199999999999973
7.899999999999988
7.599999999999989
26.50000000000012
4.199999999999999
14.399999999999958
8.399999999999979
4.000000000000002
3.900000000000002
0.19999999999999998
9.999999999999975
32.40000000000024
17.69999999999999
11.799999999999972
4.499999999999999
8.099999999999985
5.199999999999998
7.699999999999986
28.50000000000018
5.199999999999995
17.699999999999985
5.499999999999998
13.49999999999996
5.199999999999998
13.899999999999956
4.299999999999999
2.700000000000002
4.999999999999999
8.599999999999984
22.70000000000007
5.199999999999996
1.7000000000000004
0.2
5.499999999999997
8.599999999999977
12.899999999999954
0.4
7.699999999999987
3.1000000000000023
8.799999999999976
1.5000000000000002
1.8000000000000005
3.4000000000000017
3.1000000000000014
7.899999999999985
2.0000000000000004
0.2
0.7999999999999999
14.999999999999948
0.5
3.900000000000002
2.3000000000000007
11.499999999999966
2.900000000000002
22.600000000000076
0.6999999999999998
3.5000000000000027
0.4
0.3999999999999999
2.2000000000000006
0.7999999999999998
0.7
0.4
1.9000000000000012
4.8999999999999995
3.000000000000002
4.499999999999997
2.500000000000001
7.499999999999988
3.500000000000003
5.2999999999999945
1.6000000000000012
8.999999999999979
5.799999999999996
15.29999999999995
14.299999999999955
3.0000000000000018
10.499999999999973
4.6999999999999975
3.1000000000000014
3.600000000000002
0.7999999999999999
1.6000000000000003
3.2000000000000024
3.0000000000000013
5.699999999999993
7.199999999999989
10.499999999999973
10.099999999999973
8.899999999999986
-0.30000000000000016
7.39999999999999
13.099999999999962
3.800000000000002
2.600000000000001
2.600000000000001
0.19999999999999987
9.199999999999982
7.999999999999986
0.8999999999999999
2.800000000000001
1.0999999999999999
0.6
2.600000000000001
3.2000000000000015
5.599999999999997
4.899999999999999
-0.7000000000000001
3.1000000000000014
0.29999999999999993
2.2000000000000006
4.6000000000000005
4.500000000000001
3.6000000000000028
1.600000000000001
2.1000000000000005
1.4000000000000008
0.1
5.799999999999992
8.299999999999985
10.499999999999977
2.0000000000000004
13.499999999999963
16.399999999999956
1.5000000000000002
0.7
5.799999999999994
1.7000000000000004
1.2
0.5
0.4
2.700000000000002
0
2.2000000000000006
2.2000000000000006
14.599999999999957
2.700000000000001
0.9000000000000001
5.099999999999997
7.299999999999991
0.9999999999999999
1.8000000000000005
0.1
3.3000000000000016
8.99999999999998
2.1000000000000005
0.1
3.2000000000000015
8.199999999999989
9.599999999999978
6.099999999999995
2.2000000000000006
0.7999999999999998
2.700000000000001
0.5
3.900000000000003
12.999999999999972
16.899999999999967
1.4000000000000001
1.2
0.6
8.499999999999982
5.599999999999997
1.5000000000000009
2.500000000000001
1.0999999999999999
6.2999999999999945
5.399999999999997
2.2000000000000006
0.9999999999999999
1.4000000000000001
6.899999999999988
5.299999999999997
1.7000000000000004
3.4000000000000017
0.30000000000000004
0.6
5.299999999999997
1.0999999999999999
9.399999999999983
2.600000000000001
1.8000000000000005
0.7
3.2000000000000024
5.299999999999997
0.7
4.899999999999996
2.3000000000000007
20.30000000000002
0.9999999999999999
3.5000000000000018
2.9000000000000012
2.700000000000001
1.4000000000000001
3.5000000000000027
0.5
1.0999999999999999
5.099999999999998
9.699999999999982
0.4
1.4000000000000001
15.399999999999961
5.699999999999997
9.99999999999998
2.800000000000001
0.7999999999999999
2.700000000000002
0.9999999999999999
0.30000000000000004
12.79999999999997
2.600000000000001
0.09999999999999992
4.799999999999999
4.6
6.199999999999994
5.399999999999998
5.4999999999999964
0
9.89999999999998
1.5000000000000004
4.000000000000002
8.899999999999984
18.199999999999985
5.499999999999993
8.099999999999987
2.3000000000000007
5.899999999999995
3.3000000000000025
0
2.2000000000000006
0.30000000000000004
1.4000000000000001
1.2
8.199999999999987
0.2
2.9000000000000012
11.099999999999977
7.899999999999984
2.0000000000000004
0.5
9.799999999999981
25.100000000000097
18.699999999999996
4.100000000000001
32.500000000000185
1.600000000000001
10.499999999999979
2.3000000000000007
24.300000000000086
1.0999999999999999
0.9999999999999999
5.799999999999995
7.099999999999991
3.900000000000002
-0.7000000000000001
19.40000000000002
6.299999999999994
0.1
0.7999999999999999
2.800000000000001
14.399999999999961
13.999999999999963
9.89999999999998
2.9000000000000012
5.699999999999993
25.1000000000001
13.399999999999965
7.899999999999988
0.2
17.399999999999974
22.10000000000004
7.399999999999986
7.29999999999999
39.300000000000296
15.599999999999957
16.099999999999955
11.699999999999974
5.799999999999996
1.5000000000000002
1.5000000000000002
5.1999999999999975
21.200000000000028
24.900000000000095
17.69999999999998
24.700000000000095
2.700000000000001
1.9000000000000006
44.200000000000365
11.399999999999977
35.000000000000234
85.59999999999937
2.900000000000002
29.600000000000165
18.899999999999995
22.900000000000052
2.800000000000001
15.399999999999961
12.399999999999974
10.499999999999975
6.299999999999994
0.7999999999999999
4.899999999999999
4.7
9.699999999999982
36.20000000000025
43.00000000000036
19.700000000000024
6.199999999999994
21.900000000000038
2.0000000000000004
7.499999999999986
19.900000000000027
20.20000000000002
33.5000000000002
54.700000000000536
2.3000000000000016
2.9000000000000012
4.4
14.199999999999962
0.8999999999999999
6.5999999999999925
23.50000000000006
2.800000000000001
2.400000000000001
17.299999999999983
31.800000000000196
7.199999999999987
10.799999999999978
9.899999999999977
5.599999999999996
2.600000000000001
1.9000000000000006
15.199999999999962
7.199999999999987
0.5
22.800000000000068
0.6
21.200000000000028
4.699999999999999
40.700000000000315
19.600000000000012
3.700000000000003
1.0999999999999999
34.40000000000023
108.79999999999802
68.00000000000044
11.399999999999975
11.499999999999975
7.799999999999985
21.700000000000053
18.799999999999994
15.299999999999962
24.800000000000097
57.00000000000056
12.399999999999968
12.499999999999972
6.799999999999988
24.900000000000098
16.199999999999957
47.500000000000426
4.699999999999999
43.400000000000354
0.5
23.90000000000008
9.799999999999981
3.3000000000000016
13.19999999999997
10.299999999999976
9.399999999999983
18.099999999999987
26.4000000000001
6.199999999999995
1.4000000000000001
20.900000000000023
9.899999999999977
36.50000000000026
7.29999999999999
14.499999999999966
3.5000000000000027
36.40000000000026
2.2000000000000006
21.300000000000047
6.099999999999994
11.399999999999972
9.399999999999983
55.100000000000534
89.8999999999991
9.399999999999983
34.50000000000023
15.299999999999958
3.900000000000002
12.399999999999974
9.399999999999979
1.6000000000000003
0.7999999999999999
10.799999999999974
9.399999999999983
3.800000000000002
0.4
3.600000000000002
13.699999999999969
13.499999999999964
16.899999999999967
50.20000000000045
4.200000000000001
19.099999999999998
23.100000000000055
25.400000000000087
6.399999999999994
80.69999999999972
1.4000000000000001
-0.20000000000000004
19.300000000000004
62.200000000000635
52.9000000000005
16.199999999999957
2.800000000000001
14.399999999999961
0.1
56.600000000000556
68.90000000000038
4.799999999999999
8.399999999999986
8.499999999999982
18.700000000000006
7.39999999999999
46.40000000000041
10.599999999999978
4.999999999999998
12.699999999999973
6.499999999999993
53.300000000000516
1.0999999999999999
7.599999999999985
8.199999999999987
1.2
14.99999999999996
10.29999999999998
47.700000000000436
18.299999999999986
3.0000000000000013
5.799999999999995
19.900000000000027
7.39999999999999
4.5
34.10000000000022
8.199999999999987
4.500000000000001
55.90000000000055
7.39999999999999
8.099999999999987
0.9999999999999999
3.900000000000002
11.199999999999976
35.10000000000024
5.1999999999999975
3.5000000000000018
1.5000000000000002
32.00000000000018
22.60000000000007
17.399999999999984
48.400000000000446
25.90000000000011
18.500000000000007
12.69999999999997
26.500000000000117
9.199999999999983
2.3000000000000007
0.8999999999999999
10.699999999999974
12.599999999999968
28.000000000000142
30.10000000000017
33.60000000000022
52.500000000000504
5.099999999999998
11.699999999999976
8.099999999999984
23.200000000000074
46.4000000000004
30.700000000000177
6.699999999999992
17.499999999999975
0.9999999999999999
21.200000000000028
10.099999999999978
35.20000000000024
5.799999999999995
3.800000000000002
12.499999999999968
4.000000000000002
17.89999999999998
11.399999999999972
5.899999999999995
9.099999999999984
9.599999999999982
18.899999999999995
3.0000000000000013
0.1
25.70000000000009
11.699999999999974
78.79999999999983
3.0000000000000018
40.20000000000033
11.599999999999975
0.1
10.199999999999976
13.799999999999967
15.59999999999996
7.59999999999999
26.000000000000096
8.799999999999981
65.30000000000061
14.499999999999961
17.79999999999998
11.599999999999975
26.80000000000013
2.400000000000001
67.80000000000038
11.599999999999975
6.599999999999989
1.8000000000000005
3.600000000000002
23.100000000000055
16.999999999999968
2.600000000000001
9.29999999999998
39.200000000000315
35.60000000000024
9.89999999999998
44.200000000000365
1.800000000000001
8.499999999999986
0.1
32.00000000000019
15.799999999999956
7.29999999999999
10.699999999999978
7.799999999999988
8.599999999999985
58.30000000000059
0.2
16.499999999999964
2.5000000000000018
14.699999999999964
1.2
11.899999999999975
23.000000000000053
16.299999999999958
4.100000000000001
11.099999999999977
5.799999999999995
11.599999999999971
13.199999999999966
2.2000000000000006
2.700000000000001
9.299999999999983
13.199999999999969
8.899999999999984
6.699999999999992
68.90000000000032
13.899999999999967
33.40000000000021
4.200000000000001
24.400000000000087
3.1000000000000014
0.5
2.9000000000000012
11.899999999999974
8.599999999999985
13.599999999999964
20.200000000000014
47.30000000000041
60.300000000000615
60.30000000000063
41.70000000000033
10.399999999999979
1.6000000000000005
46.40000000000042
6.399999999999993
21.300000000000036
79.29999999999976
19.90000000000001
32.600000000000186
19.0
8.499999999999986
5.4999999999999964
3.3000000000000016
95.39999999999884
8.399999999999986
11.499999999999975
9.199999999999983
3.0000000000000013
5.999999999999991
13.299999999999969
4.699999999999999
25.300000000000104
8.199999999999987
33.10000000000021
26.2000000000001
3.800000000000003
0.1
73.80000000000013
13.899999999999967
23.700000000000067
4.4
24.000000000000068
7.39999999999999
48.20000000000044
4.100000000000001
1.9000000000000006
82.89999999999955
54.00000000000052
5.399999999999997
14.199999999999962
13.199999999999969
68.20000000000044
36.30000000000025
8.999999999999984
0.2
11.799999999999976
2.9000000000000012
25.000000000000096
0.7
35.40000000000025
26.90000000000013
24.600000000000076
16.49999999999996
5.1999999999999975
5.699999999999995
28.100000000000144
6.999999999999991
67.60000000000048
45.20000000000038
16.099999999999962
2.600000000000001
1.5000000000000002
38.40000000000029
7.29999999999999
33.90000000000022
32.40000000000018
20.10000000000002
0.30000000000000004
18.599999999999994
5.699999999999996
3.900000000000002
17.299999999999972
7.599999999999989
0.7999999999999999
3.6000000000000028
2.1000000000000005
12.099999999999973
29.500000000000167
6.399999999999993
22.600000000000048
13.299999999999969
2.700000000000001
21.60000000000004
5.4999999999999964
6.299999999999994
8.799999999999981
8.099999999999987
28.50000000000013
-0.6000000000000001
59.00000000000061
8.899999999999984
2.1000000000000005
4.100000000000001
11.599999999999977
9.699999999999978
5.999999999999995
11.399999999999975
21.900000000000055
17.299999999999976
2.800000000000001
33.40000000000021
4.100000000000001
53.20000000000051
28.700000000000152
24.000000000000068
6.599999999999993
10.09999999999998
6.29999999999999
2.700000000000001
3.2000000000000015
1.9000000000000006
45.90000000000039
0.9
10.699999999999978
18.099999999999984
4.799999999999999
20.40000000000002
24.20000000000009
29.800000000000153
30.10000000000017
24.90000000000008
2.400000000000001
0.6
1.6000000000000003
23.100000000000076
5.799999999999995
12.599999999999968
60.70000000000063
46.4000000000004
23.000000000000075
21.100000000000044
0.30000000000000004
6.299999999999994
22.70000000000005
57.70000000000057
13.999999999999964
25.70000000000009
5.699999999999997
7.899999999999988
20.00000000000001
0.30000000000000004
3.700000000000002
7.399999999999991
2.800000000000001
19.600000000000005
0.7999999999999999
13.299999999999965
14.79999999999996
36.400000000000276
0.7
42.50000000000036
8.999999999999984
12.399999999999968
31.200000000000184
7.29999999999999
10.899999999999974
13.699999999999967
8.099999999999985
11.499999999999975
23.000000000000075
12.399999999999972
54.50000000000053
4.899999999999995
45.500000000000405
4.300000000000001
32.00000000000019
54.20000000000052
20.00000000000001
7.999999999999988
16.39999999999996
86.49999999999926
27.90000000000013
15.099999999999959
1.3
13.699999999999964
5.699999999999996
21.800000000000036
35.100000000000236
3.700000000000002
3.700000000000002
0.09999999999999992
4.5
12.399999999999972
51.70000000000049
38.70000000000029
7.499999999999986
27.20000000000013
0.9999999999999999
17.599999999999977
46.7000000000004
7.699999999999989
34.300000000000225
62.200000000000635
8.999999999999984
8.399999999999986
11.99999999999997
10.999999999999977
19.500000000000004
26.10000000000011
36.70000000000028
5.4999999999999964
5.599999999999996
62.30000000000064
14.999999999999963
85.09999999999941
1.0999999999999999
2.2000000000000006
8.999999999999984
2.5000000000000018
0.30000000000000004
0.8999999999999999
2.2000000000000006
1.8000000000000005
29.000000000000153
59.50000000000062
19.400000000000002
41.80000000000033
17.299999999999972
30.600000000000176
3.0000000000000013
1.3
4.200000000000001
16.099999999999955
19.800000000000008
4.899999999999999
4.8999999999999995
8.099999999999987
2.3000000000000007
14.399999999999961
24.90000000000008
1.0999999999999999
38.000000000000284
14.099999999999966
4.100000000000001
6.3999999999999915
3.2000000000000015
42.90000000000035
12.299999999999969
17.599999999999977
44.80000000000038
12.499999999999968
4.799999999999999
13.999999999999963
25.00000000000008
21.200000000000028
10.899999999999974
35.100000000000236
6.999999999999991
11.199999999999973
2.500000000000001
14.79999999999996
2.3000000000000007
6.299999999999994
1.7000000000000004
7.29999999999999
48.10000000000044
2.400000000000001
3.900000000000002
11.499999999999977
6.399999999999993
23.30000000000008
2.0000000000000004
9.399999999999983
33.00000000000021
11.199999999999973
33.000000000000206
20.600000000000026
0.8999999999999999
19.1
35.50000000000024
11.099999999999977
24.30000000000007
0.30000000000000004
23.800000000000082
5.699999999999996
11.299999999999972
19.2
14.699999999999964
8.799999999999985
30.90000000000018
8.499999999999986
11.199999999999973
20.00000000000001
2.400000000000001
15.999999999999956
49.100000000000435
22.200000000000063
6.799999999999992
2.1000000000000005
30.000000000000167
2.1000000000000005
3.700000000000002
14.099999999999962
35.000000000000234
56.200000000000564
18.500000000000007
16.79999999999997
104.69999999999825
8.499999999999982
4.899999999999999
7.599999999999989
8.099999999999984
0.9999999999999999
0.7
10.499999999999979
40.60000000000032
2.1000000000000014
3.900000000000002
46.7000000000004
17.599999999999977
29.300000000000157
5.4999999999999964
16.699999999999964
8.699999999999985
3.1000000000000023
20.20000000000003
8.799999999999985
26.4000000000001
3.1000000000000014
3.700000000000002
10.699999999999978
23.800000000000086
3.2000000000000015
0.2
0.8999999999999999
0.7999999999999999
3.2000000000000015
2.500000000000001
26.40000000000012
28.50000000000013
1.3
48.50000000000045
5.299999999999997
25.60000000000009
16.499999999999964
0.7
3.700000000000003
18.400000000000006
52.500000000000504
20.500000000000025
8.899999999999984
55.30000000000054
3.2000000000000015
0.7
10.299999999999976
13.799999999999967
13.29999999999997
17.19999999999997
24.30000000000007
35.10000000000024
6.5999999999999925
1.7000000000000004
29.30000000000016
5.8999999999999915
37.70000000000028
51.800000000000495
28.70000000000015
17.499999999999975
7.499999999999989
3.5000000000000018
41.20000000000033
1.9000000000000006
8.699999999999985
11.299999999999972
13.399999999999968
3.0000000000000013
0.4999999999999999
4.899999999999999
5.899999999999995
30.400000000000173
2.0000000000000004
14.199999999999962
16.299999999999976
11.299999999999976
12.199999999999969
24.90000000000008
1.2
0.1
11.499999999999972
0.4
27.400000000000116
56.600000000000556
5.4999999999999964
37.00000000000027
10.699999999999978
26.100000000000097
4.7
11.499999999999975
0.7999999999999999
1.0999999999999999
10.999999999999979
20.00000000000001
15.499999999999957
9.499999999999982
68.80000000000041
9.29999999999998
1.8000000000000005
4.699999999999999
9.099999999999984
19.90000000000003
1.6000000000000003
0.2
9.199999999999983
18.59999999999999
3.2000000000000015
6.299999999999991
0.1
60.80000000000064
26.500000000000103
13.599999999999964
0
9.799999999999981
-2.7755575615628914e-17
0.5
2.600000000000001
