0
0.7999999999999998
-0.30000000000000016
-0.5000000000000001
-0.4
0.2
-0.7000000000000001
0.3
0.1
-0.7
0.30000000000000004
0.2
-0.9
0.2
-0.4
0
0.2
0.2
0.5
-0.30000000000000004
1.2
-0.10000000000000006
0.1
0.7
0.09999999999999998
0.09999999999999998
0.2
-0.4
0
0.4
-1.0000000000000002
0.5
-0.7
0
0.4
0.2
-0.5000000000000001
-1.3877787807814457e-16
0.4
0.4
-0.7
0.4
0.2
-0.9
0.7999999999999999
-0.20000000000000015
-0.5
0.6
0.6
-0.8
0.5999999999999999
0.1
0.4
0.7999999999999998
0.4
-0.10000000000000014
-0.30000000000000004
0.6
-1.0
0.3
0
0.1
0.2
0.1
-0.20000000000000015
-0.6000000000000003
-0.20000000000000004
-0.30000000000000004
-0.20000000000000004
0.6
0.09999999999999987
-0.10000000000000003
0
0.8999999999999999
0.1
0.6
-0.4
-0.20000000000000007
1.8000000000000005
-0.20000000000000015
-1
0.5999999999999998
0.4
0
0.7
-0.7000000000000001
0.09999999999999998
0.19999999999999996
0.30000000000000004
0.2
-0.6000000000000001
-0.7000000000000002
0.7
0.8999999999999999
-0.10000000000000014
-0.10000000000000014
-1
-0.20000000000000004
0.29999999999999993
0
0.5
0
-3.608224830031759e-16
0.1
0.2
-0.6
-0.4
0.2
-0.10000000000000003
-0.4
-0.6
0.1
0.29999999999999993
-0.20000000000000004
0.2
0.30000000000000004
-0.20000000000000015
-0.5
0
0.5999999999999999
-1.0000000000000002
0
-0.6
0.6
-1
0
0.30000000000000004
-0.5000000000000001
0.30000000000000004
0.1
0.4999999999999999
0.2
0.4
-0.4
0.1
0.2
0.2
0.3
-1.1102230246251565e-16
0.1
-0.10000000000000003
-0.5
-0.5000000000000001
0.5
0
-0.40000000000000013
0.5
0.1
-0.10000000000000006
-0.4
0.1
-0.20000000000000004
-0.6
0.2
0
-0.5
0.7
0.4
0.30000000000000004
0
0.2
0.1
-0.7000000000000001
0
0.3
-1.2000000000000002
0.30000000000000004
0.09999999999999987
0.8999999999999999
-1.1
0.4
0.2
-0.30000000000000016
0.1
0.4
-0.10000000000000003
-0.10000000000000014
0.2
0
-0.5000000000000001
-0.4
-0.30000000000000004
-0.7000000000000001
0.1
-1.0000000000000002
0.1
-0.5
0
0.6
-0.8
-0.30000000000000004
0.5
-0.6000000000000003
0.2
-0.10000000000000003
0.1
0.4999999999999999
0.30000000000000004
0.3999999999999998
0.2
0.5
-1.1
0
0.4
0.19999999999999976
-0.5000000000000001
0
-0.30000000000000016
-0.9
0.30000000000000004
-0.5
0.6
-0.40000000000000013
0
0.6
-1
0.4
0.2
-0.8
-0.4
0.30000000000000004
0.2
-0.30000000000000016
-1.0000000000000002
0.09999999999999998
-0.6000000000000001
0.7999999999999999
0.5999999999999999
0.09999999999999976
0.30000000000000004
-0.5
-0.30000000000000004
0.09999999999999998
-0.5000000000000003
-1.1000000000000003
0.5
-0.5000000000000002
0
-0.9000000000000001
0.2
-0.5
0.30000000000000004
-0.4
0
0.1
0.2
0.2
-0.6
0.7999999999999998
-0.5000000000000001
-0.4
-0.20000000000000004
0.4
-0.6000000000000001
0
-0.10000000000000014
-0.9
0.2
0.30000000000000004
-0.10000000000000003
-0.40000000000000013
-0.40000000000000013
0.5
0.7
-0.30000000000000016
-0.7000000000000001
0.1
0.4
-0.10000000000000014
-0.30000000000000004
-0.5000000000000001
0
-0.5
0.5
-0.30000000000000016
-0.30000000000000016
-0.4
-2.7755575615628914e-17
0.19999999999999998
-0.10000000000000014
0.2999999999999999
0.5
0.19999999999999987
-0.30000000000000016
-0.9000000000000002
0.7
-0.9
0.1
-0.30000000000000004
0.4
-0.5
0.1
0.5
0.2
0.4
-0.40000000000000013
0.4
-0.30000000000000027
-0.40000000000000013
0.4999999999999999
-1.1
0.19999999999999998
-0.10000000000000026
0.2
-1
0.19999999999999998
-0.6000000000000001
0.09999999999999998
0.6
-4.718447854656915e-16
0.7
-0.7000000000000001
0
0.4
-0.7000000000000001
0.1
0
0
0.19999999999999987
0.2
0
-0.6000000000000001
0
-0.8
-0.5
-2.7755575615628914e-17
0.1
0.09999999999999998
-0.5000000000000004
0.2
0
-0.7000000000000001
0.30000000000000004
-0.40000000000000013
-0.5
0.30000000000000004
0.2
0.2
0.1
0.4
-0.10000000000000003
0.1
0
-0.8
0.30000000000000004
0.1
0.5
-0.6
-0.10000000000000006
0.30000000000000004
-0.4
0.1
-0.20000000000000004
-0.20000000000000004
-0.5
-0.1000000000000002
0.4
-0.7000000000000001
0.2
0.30000000000000004
-0.20000000000000015
0.09999999999999987
0.2
0.5
-1.3877787807814457e-16
0.19999999999999996
0.30000000000000004
-1.3877787807814457e-16
-1.0999999999999999
0
-0.30000000000000027
-0.10000000000000003
-0.7000000000000001
0.6
0
0.4
0
0.2
-3.608224830031759e-16
-0.20000000000000004
-0.10000000000000006
0.1
0.5999999999999999
0.3999999999999999
0
-0.7000000000000001
0.4
-0.9000000000000002
0.5
0
0.5
-0.6000000000000001
-0.20000000000000004
0.2
0.5
0.4
0.30000000000000004
0.19999999999999996
0.2
0.2
-0.9
0.5
-1.0000000000000002
0.6
0.5999999999999999
0.3
-0.20000000000000015
0.30000000000000004
-0.4
-0.5
0
-0.5000000000000002
0.6
0.2
-0.4
-0.4
0.4
-2.7755575615628914e-17
-0.6000000000000001
0.09999999999999978
0.5
-0.6000000000000001
0.4
-0.4
-0.20000000000000004
-0.20000000000000037
-0.10000000000000003
-0.5000000000000001
0.30000000000000004
0.6
0.7
-0.5000000000000001
-0.20000000000000004
0.1
-0.40000000000000013
-0.8
0.2
-0.30000000000000016
0.1
-0.20000000000000015
-0.5
0.4
-0.4
-0.4
0.30000000000000004
0.1
-0.6000000000000001
0.3
0.1
-0.20000000000000015
-0.10000000000000026
-0.8
0.19999999999999998
-0.9000000000000002
0.2
0.3999999999999999
0.30000000000000004
1.5000000000000002
0.6
-0.10000000000000014
0.7
-0.5000000000000001
-0.20000000000000004
0.1
0.4999999999999998
0.1
0.7
-0.7000000000000001
0.1
0.30000000000000004
-0.5000000000000001
-0.5000000000000003
0.1
0.3999999999999999
0.2
0.2
0.5
1.5000000000000002
0.7
0.30000000000000004
0.19999999999999976
-0.7000000000000001
0.2
-0.5000000000000002
0.2
-0.7000000000000001
0.30000000000000004
0
-0.10000000000000009
0.09999999999999995
-0.20000000000000004
-0.10000000000000003
0.5
0.5
-1.1
-0.5
-0.30000000000000004
0
0.19999999999999993
-0.30000000000000004
0.1
-0.6
0.3999999999999999
-2.498001805406602e-16
-0.5000000000000001
-0.20000000000000004
0.3
-1
0.19999999999999987
-0.30000000000000004
0.30000000000000004
0
-0.20000000000000015
0.1
0.30000000000000004
1.1000000000000005
-0.30000000000000004
1.3
0
-0.40000000000000013
0.6
-0.8
0.7999999999999998
-1.0000000000000002
0
0.30000000000000004
-1.1
0
0.2
0.7999999999999999
0.7
0
0.2
-0.5000000000000003
-0.20000000000000004
0.30000000000000004
0
-0.7000000000000001
0.1
0.2
-0.5000000000000002
0
0.19999999999999996
-1.1102230246251565e-16
-0.4
0.5
-0.5000000000000001
-2.7755575615628914e-17
-2.7755575615628914e-17
0.1
0.30000000000000004
-0.9999999999999997
-0.20000000000000015
-0.10000000000000014
-0.3000000000000004
-0.10000000000000003
0
-0.7000000000000001
0.5
0
-0.30000000000000016
-0.20000000000000026
0.6
0.2999999999999998
-1.1102230246251565e-16
0.30000000000000004
-0.4
0.9000000000000001
0.5
-0.10000000000000006
0.2
-0.20000000000000004
-0.8
1.1000000000000019
0
0.7999999999999998
-0.6000000000000001
0.2
-0.6
0.9999999999999999
0
0.8999999999999999
0.4
-0.8
0.4
-0.5000000000000001
-0.7000000000000002
0.4
-0.6000000000000001
-0.20000000000000004
0
-0.5000000000000003
0
-0.20000000000000004
-0.6000000000000001
-2.7755575615628914e-17
0.9999999999999999
-0.9
-2.7755575615628914e-17
0.6
-0.6000000000000001
0.30000000000000004
-0.6000000000000001
0.2
-0.8
0.4999999999999998
0.5
0
0.7
-0.5000000000000001
-2.7755575615628914e-17
0.2
-0.4
0.30000000000000004
0.8999999999999999
-0.6000000000000001
0
-0.10000000000000003
0.9999999999999999
0.1
-0.9
0.6
-0.9000000000000002
1.3
0.2999999999999999
-0.40000000000000013
-0.9000000000000002
0.6
1.1000000000000005
0.4
0.6
0.1
0.30000000000000004
1.9000000000000006
-0.6000000000000002
0.4
1.0999999999999999
0.7999999999999999
-0.30000000000000004
-0.20000000000000004
-0.5000000000000003
-2.7755575615628914e-17
-0.10000000000000003
0.2
0.1
0.6
-0.40000000000000013
-0.7000000000000001
-0.30000000000000016
0.3999999999999999
0.4
-0.8000000000000003
0
0
0.6999999999999997
0.2
0
0
-0.20000000000000015
0.4
0.2
0.2
-0.4
0.4
-0.9
0
0.4
0
-0.8
0.5
0.1
-0.30000000000000016
-1.0000000000000002
0.4
0.6999999999999998
-0.5
0.6
0.09999999999999998
0
0.5
0.1
0
-0.5
0.2
-0.4
-0.4
0.4
-0.10000000000000028
0.29999999999999993
0.4
0.1
-0.8
2.9000000000000012
-0.9
0.5
-0.20000000000000004
0.4
1.9000000000000012
-0.6000000000000001
0.3
-0.5000000000000002
1.3
-0.10000000000000006
0.1
0.9999999999999999
-0.4
0.5
0.1
0.6
-0.6
0.7
0.2
0.1
0
-1.0000000000000002
0.2
-8.326672684688674e-17
0
0.4
-0.10000000000000037
-0.6000000000000001
0.7999999999999999
0
-0.10000000000000014
-0.30000000000000004
0.1
0.8999999999999999
0.5
0.19999999999999987
0.6
-0.4
-2.7755575615628914e-17
0
0.4
-0.30000000000000016
-0.20000000000000004
1.0999999999999999
-0.20000000000000037
0.5
-1.0000000000000002
0
0.30000000000000004
0.6
0
0.7
0
-0.6000000000000001
0.6
-0.5
0.5999999999999999
-0.5000000000000001
-0.10000000000000009
0.5
0.7
0.5
1.8000000000000012
0.9999999999999999
0.19999999999999987
-0.5000000000000001
0.5
0.7999999999999999
-0.30000000000000027
0.6
-0.7000000000000001
0.6
0.1
0.4
0.2
0.2
0.7
1.3
0.7
-0.30000000000000016
0
-0.9
-0.20000000000000004
1.2
0.1
0.6
0.09999999999999998
0.4
-0.7000000000000001
0.5999999999999999
-0.20000000000000015
0.4
-0.10000000000000014
0
0.1
0.6
-0.10000000000000017
-0.30000000000000004
2.1000000000000014
0.5
-2.7755575615628914e-17
0
0.2
-0.7000000000000001
0
0.2
0.1
-0.20000000000000026
0.19999999999999998
0.30000000000000004
0.6
-0.6000000000000003
-0.20000000000000004
0.4
0.19999999999999998
0.5
0.4
0
0.4
-0.6000000000000003
0.1999999999999999
0.5
0.19999999999999976
-0.8
0.30000000000000004
-0.8
0.2
0.5
-0.8
0.2
0.7
0.1
-0.40000000000000024
-0.20000000000000004
0.7
-1
0.1
0.9999999999999999
-0.20000000000000026
-0.20000000000000004
0.7000000000000002
-2.7755575615628914e-17
0.4
-0.6
0.5999999999999999
-0.7000000000000001
0.1
1.4000000000000001
-0.30000000000000016
0
0.09999999999999987
0.1
0.1
-0.6
-8.326672684688674e-17
0.5999999999999999
0.1
0
0.8999999999999999
-0.20000000000000004
0
0.6
-0.7000000000000001
0.5
-0.5000000000000001
-0.30000000000000004
0.7
0.8999999999999998
0.9999999999999998
-1.3877787807814457e-16
-0.9
0.09999999999999992
0.7
0.5
-0.8
1.700000000000002
-0.5
0.4
0
-0.4
0.9999999999999999
0
0
0.6
0.9999999999999999
0.5999999999999999
0.4
0.9999999999999999
0
-0.20000000000000026
0
0.2
1.3
0.9999999999999999
0
-1.3877787807814457e-16
0.30000000000000004
0.09999999999999987
0.2
0.7999999999999999
1.0
-0.30000000000000004
0.5
-1.3877787807814457e-16
0.1
0
0.2
-0.8
0.30000000000000004
1.2
0
-0.20000000000000015
0.7999999999999999
0.2
-1.3877787807814457e-16
0.4
0.7
0.9000000000000005
1.1000000000000003
-0.5000000000000001
1.0000000000000004
1.700000000000001
1.5000000000000016
1.8000000000000007
0.4999999999999999
0.0999999999999999
0.09999999999999998
0.3999999999999999
-0.9
0.1
0.5999999999999999
1.9000000000000006
0.09999999999999987
-0.40000000000000013
0.30000000000000004
0.8999999999999999
-1.3877787807814457e-16
-0.7
0
0.2
0.1
-0.20000000000000004
0.5
0
0.5
0.2
1.6000000000000003
0.7999999999999999
0.6999999999999998
0.6999999999999997
0
0.1
0.1
-0.20000000000000007
1.3
2.4000000000000017
-0.6
0.2
0.09999999999999992
0.6
0.2
0
0
0.5
0.1
1.2000000000000033
0
0.5999999999999999
-0.20000000000000015
0.30000000000000004
1.7000000000000004
0.3999999999999999
0.5
-0.7
0.5
-0.6000000000000001
0
0.2
0.1
-0.10000000000000003
0.3
0.6
0.3
0
0.30000000000000004
0.30000000000000004
-0.9
0.5
0.8999999999999999
0.7
-0.5000000000000002
1.2
0.2
0
0.5
-0.5
0.7
-0.8
0.7999999999999997
-1
1.7000000000000004
0.09999999999999998
0.4
2.200000000000001
-0.7
0.5999999999999999
0.1
0.09999999999999998
-0.9
-2.498001805406602e-16
0.8000000000000002
0.6
-0.5
0.2
-0.10000000000000003
0.1
-0.8
0.7999999999999999
1.3
0.1
-1.3877787807814457e-16
-0.5
0.5999999999999999
2.2000000000000015
1.1000000000000012
0.5
0.3999999999999996
0.4
-1.3877787807814457e-16
-0.6000000000000001
0.7000000000000001
0.30000000000000004
-0.9
0.5
-0.6000000000000003
0.8999999999999999
-0.5000000000000001
0.6
0.6
0.19999999999999993
0
0.1
-0.5
0.4
1.8000000000000005
0
0.29999999999999993
0.7999999999999999
0.3999999999999999
-0.5000000000000001
0.1
0.30000000000000004
0.4
-1
0.7999999999999998
0
1.5000000000000002
0.5999999999999999
0.30000000000000004
-0.8000000000000003
2.800000000000002
-0.30000000000000016
0.9999999999999999
-0.7000000000000002
1.6000000000000003
0.7999999999999999
-1
0.5
-0.10000000000000003
0.09999999999999998
0.30000000000000004
0.6
0.7
0.19999999999999998
0.4999999999999999
-0.10000000000000009
0.6
0.7
0.09999999999999976
-0.20000000000000015
0
0.7
0.29999999999999993
0.09999999999999987
-0.10000000000000003
0.1
-0.6000000000000001
1.4000000000000001
0.3
0.6
0.2
0.3999999999999999
0.2999999999999999
0.19999999999999998
-0.7000000000000001
0.4
-0.10000000000000037
0
1.4000000000000008
0.4
0
-0.20000000000000018
1.4000000000000008
0.9999999999999998
0.1
1.2
-0.8
0.7999999999999999
0.30000000000000004
0.30000000000000004
0.9999999999999999
2.0000000000000018
0.1
0
0.4
0.1
-0.9
0.9999999999999999
0.1
0.30000000000000004
0.1
1.4000000000000008
0.6
0.8999999999999999
-0.5000000000000001
0.9999999999999999
-0.30000000000000016
-0.5000000000000001
0.1
0.2999999999999999
0
0.30000000000000004
0.2
0.7
0.4
-0.4
0.1
0.6999999999999998
-0.7000000000000001
0.30000000000000004
1.9000000000000006
0.7999999999999998
0.2
1.8000000000000003
0.4999999999999999
-2.7755575615628914e-17
-0.4
0
0.2
-0.20000000000000004
0.9999999999999996
-0.20000000000000015
-2.7755575615628914e-17
-0.30000000000000004
2.1000000000000023
0
0.5
0.2
0.4999999999999999
0.7999999999999999
0.2
-0.20000000000000015
0.4
-0.8
0.5
0.3
-0.6000000000000001
1.1000000000000003
3.900000000000003
-0.7
0.7
-0.20000000000000015
-0.8
0.7999999999999999
-0.9
0.30000000000000004
0.30000000000000004
1.3
0.8999999999999999
-0.10000000000000006
1.2
-0.5000000000000001
-0.5
1.2000000000000004
2.5000000000000018
0.3999999999999999
2.800000000000003
-0.20000000000000004
0.9999999999999998
1.5000000000000002
-0.40000000000000013
-0.30000000000000004
-2.7755575615628914e-17
0.5
0.4
-0.9
1.0999999999999999
0.2
-0.7000000000000001
0.2
0.19999999999999996
0.9999999999999999
-1.3877787807814457e-16
0.1
-1
0.2
0.6
0.1
0.8999999999999997
0.30000000000000004
0.2
0.19999999999999993
2.2000000000000006
1.3
0.09999999999999987
0.4
1.0000000000000002
0.8999999999999999
0.09999999999999998
0.5
1.3000000000000005
1.3
-0.10000000000000014
0.6999999999999998
0.2999999999999999
0.30000000000000004
0.3
1.0999999999999999
0.30000000000000004
-0.8
0.6
0.6
0
0.30000000000000004
-0.4
1.0000000000000007
2.5000000000000036
0
1.2000000000000002
0.19999999999999987
0.2
0.1
0.30000000000000004
0.5
1.3
1.0000000000000007
1.6000000000000003
-0.20000000000000026
0.7
0.4
0.9000000000000001
0.8000000000000002
0.29999999999999993
0.5
0.6
0.3999999999999999
0.3999999999999999
0.7
1.2
0.1
-1
-5.551115123125783e-17
1.8000000000000014
2.5000000000000018
0.6
0.7000000000000004
1.0000000000000004
0.19999999999999998
0.3
0.5
-0.30000000000000016
-0.20000000000000004
0.19999999999999996
1.0999999999999999
-1.3877787807814457e-16
0.1
0
0.30000000000000004
1.0999999999999999
0.30000000000000004
0.6999999999999997
0.4
-0.9
1.2000000000000004
1.0999999999999999
0.5999999999999999
0.8999999999999999
-0.7000000000000002
0.7
-0.30000000000000004
0.4
-0.10000000000000014
-0.20000000000000015
0.30000000000000004
0.2
0
0.8999999999999999
0.30000000000000004
1.7000000000000004
-0.30000000000000016
2.3000000000000025
0.7000000000000001
-0.20000000000000007
1.3000000000000005
0.09999999999999998
0.30000000000000004
0.2
0.1
0.7999999999999999
0.1
-0.10000000000000003
2.100000000000004
0.5999999999999999
-0.8
0.5
0
0.7
0.1
0.09999999999999998
0.1
0.9999999999999998
2.0000000000000013
0.5999999999999999
0.6999999999999998
0.09999999999999976
2.900000000000002
0.4
-0.5
0.1
0.8999999999999999
0.1
1.3000000000000005
0.7999999999999999
1.0999999999999999
0.2
0.9999999999999999
0
0.6
-0.40000000000000013
-0.10000000000000006
1.7000000000000004
0.6
0.5999999999999999
0
2.600000000000001
0.7999999999999999
0.4999999999999999
1.0000000000000002
-0.10000000000000014
-2.7755575615628914e-17
0.1
0.19999999999999998
0.4
-8.326672684688674e-17
1.0999999999999999
0
0.4999999999999999
0.5999999999999999
0.7
0.6999999999999998
-0.4
0.1
0.7
0.5
1.8000000000000012
0.8999999999999999
0.19999999999999998
-0.20000000000000015
0.2
0.6
0.7
0.8999999999999999
0.5
0.1
0.1
-1.3877787807814457e-16
1.2000000000000006
3.100000000000003
0.6
0.6
-0.6000000000000002
1.3
-0.10000000000000026
0.1
0.7000000000000003
0.7
1.0999999999999999
0.8999999999999999
0.8999999999999999
0.4
1.6000000000000028
0.4
-0.20000000000000007
0.2
-0.30000000000000004
0.5
0.5
0
-0.5
1.0999999999999999
0.3
1.1000000000000005
2.400000000000001
-0.20000000000000015
-0.5000000000000001
0.2
1.600000000000001
0.7
1.7000000000000028
2.1000000000000014
0.1
-0.10000000000000014
2.2000000000000015
-0.20000000000000007
1.8000000000000005
1.4000000000000001
-0.8
0.7999999999999999
0.4999999999999999
1.6000000000000014
2.700000000000002
0.2
2.3000000000000007
1.2
1.4000000000000001
1.5000000000000002
0.8999999999999999
0.4
0.5
-0.4
0.30000000000000004
0.6
-0.8
0.1
0.30000000000000004
0
1.0000000000000004
0.9999999999999998
0.2
0.4
2.1000000000000005
-0.30000000000000004
1.4000000000000001
1.5000000000000009
0.5
0.09999999999999987
1.4000000000000001
0.29999999999999993
1.0999999999999999
1.1000000000000008
0.6999999999999998
0
0.3
0.5
0.2
0.3
0.1999999999999999
0.2
0.9000000000000006
0.09999999999999984
0.1
1.8000000000000012
2.100000000000002
6.099999999999997
2.800000000000003
1.4000000000000006
0.7
-0.30000000000000004
0.7999999999999999
0.4
0.30000000000000004
0.5999999999999999
2.0000000000000013
0.9999999999999999
0
0
0.2
0.2
-0.10000000000000014
0.6000000000000003
3.000000000000002
0.1
1.8000000000000003
-0.5
0.6
0
-0.30000000000000016
0
0
0
0.1
0.6
0
2.000000000000002
0.4
0.30000000000000004
2.800000000000001
3.5000000000000018
1.7000000000000013
2.1000000000000014
-0.7000000000000001
-0.20000000000000004
0.8
1.4000000000000001
0
0
0.6
0
0.2
-0.30000000000000016
0.2
1.4000000000000001
0
2.3000000000000016
0
0.8999999999999998
0
0.6
0.1
0
2.4000000000000017
0
0
2.5000000000000018
2.1000000000000005
1.6000000000000003
3.800000000000004
0.09999999999999998
0.7999999999999999
-8.326672684688674e-17
1.5000000000000002
2.2000000000000015
1.2
0
0.4
0.19999999999999987
0.09999999999999987
0.5
0
1.2000000000000008
0.1
0
-0.7
2.0000000000000004
0.40000000000000013
0.1
0.6
0.7
0.9999999999999997
4.300000000000002
2.400000000000001
1.4000000000000001
-0.30000000000000016
1.4000000000000001
3.1000000000000023
0.09999999999999998
0.7999999999999998
0.2
3.600000000000003
0.30000000000000004
0.7
0.4
1.2
0.09999999999999998
0.5
0
2.8000000000000034
4.999999999999997
0.3999999999999999
0.4
0.3999999999999999
0.7999999999999998
0.7
1.6000000000000008
0.7
0.1
1.7000000000000004
-0.10000000000000003
0.6
2.3000000000000007
1.7000000000000004
0.5
-1
0.7
0.30000000000000004
0.3
-0.40000000000000013
3.3000000000000016
0.4
0.5999999999999999
1.5000000000000007
5.499999999999995
0.8999999999999999
-0.8
0.4
0.1
-0.10000000000000009
1.6000000000000012
0.6000000000000002
0.9999999999999999
0.2
0.30000000000000004
-0.4
0.9999999999999999
0.30000000000000004
0.30000000000000004
1.2000000000000004
-0.20000000000000004
0.7
0.9999999999999999
3.700000000000002
0.30000000000000004
1.5000000000000007
0.4
4.100000000000002
1.3
0.09999999999999987
0.7
0.7
0.1
-0.10000000000000014
1.7000000000000004
0.1
2.0000000000000004
0.1
-0.20000000000000004
1.7000000000000004
1.3
0.8999999999999999
4.600000000000001
1.0
0.6
1.7000000000000004
1.6000000000000003
0.5
1.4000000000000006
0.3
3.4000000000000017
0.5
3.3000000000000016
0.09999999999999995
1.0000000000000004
1.2
1.1000000000000008
0.1
0.7999999999999999
2.3000000000000016
0.6999999999999998
0.9999999999999999
0.19999999999999987
0.8999999999999999
1.600000000000001
0.6
0.9999999999999999
1.2
-0.20000000000000004
0.7
0
1.2
1.300000000000001
1.2
0
1.3
0.5
2.5000000000000018
2.4000000000000012
0.4
0.8
2.3000000000000007
0.8999999999999999
1.2
0.1
0.19999999999999998
0.29999999999999993
3.2000000000000024
1.0999999999999999
1.3000000000000007
0.6
1.3000000000000003
0.4
2.400000000000001
0.8999999999999999
-0.20000000000000015
0.1
2.0000000000000004
0.6999999999999998
0.4
1.8000000000000005
0.7999999999999998
5.099999999999995
0.9999999999999999
-0.7000000000000001
3.0000000000000013
1.0999999999999999
0.9999999999999999
0
0.4
2.400000000000001
1.3
2.1000000000000014
0.1
0
3.4000000000000017
2.1000000000000014
0
0.7
1.8000000000000005
0.5999999999999999
0.2
3.1000000000000023
0.30000000000000004
1.8000000000000005
0.6
0.7999999999999998
2.600000000000002
0
1.5000000000000002
2.2000000000000006
0.6999999999999998
1.5000000000000002
1.6000000000000003
1.6000000000000008
-0.20000000000000015
0.2
0
0.7
1.0999999999999999
1.4000000000000001
1.2
0.30000000000000004
0.2999999999999999
0.6
3.3000000000000025
-0.5000000000000001
1.2
3.9000000000000044
1.0999999999999999
0.8999999999999999
1.6000000000000019
0.4
2.600000000000002
1.8000000000000005
2.2000000000000006
2.3000000000000007
-1
0.1
2.3000000000000007
1.2
0.29999999999999993
2.400000000000001
0.30000000000000004
0.1
2.0000000000000004
0.5999999999999999
1.6000000000000003
0.8000000000000002
-8.326672684688674e-17
0.4
0.9999999999999999
0.5999999999999999
1.700000000000001
0.30000000000000004
0.30000000000000004
0.8999999999999999
0.9000000000000005
0.6
2.500000000000001
0.7999999999999999
1.6000000000000003
0.9999999999999994
0.4
0.4
0.09999999999999998
1.700000000000001
4.800000000000001
1.1000000000000003
1.9000000000000006
2.600000000000002
2.3000000000000016
0.1
-2.7755575615628914e-17
4.8
0.7999999999999999
0.5
2.0000000000000013
2.0000000000000004
0
0.2
0.3999999999999999
2.5000000000000018
0.4
0.1
0.30000000000000004
9.499999999999982
0.3999999999999999
4.200000000000001
1.5000000000000002
1.600000000000001
1.0999999999999999
-0.20000000000000004
1.6000000000000003
1.9000000000000012
0.8999999999999999
4.9999999999999964
1.5000000000000002
1.5000000000000009
1.2
0.5
1.8000000000000005
3.500000000000002
2.0000000000000004
0.5999999999999999
1.5000000000000002
2.5000000000000018
0.5
-0.20000000000000015
1.0000000000000007
3.6000000000000028
0.9999999999999999
0
2.400000000000001
-0.30000000000000004
1.0999999999999999
1.0999999999999999
0.1
0.8999999999999999
0.30000000000000004
1.5000000000000009
0.6
0
0.7
2.4000000000000012
0.2
1.0999999999999999
0.9999999999999999
1.1000000000000005
2.400000000000001
0.5
1.2000000000000006
0
2.700000000000001
0
0.30000000000000004
1.0000000000000002
0.1
1.500000000000001
0.8999999999999999
1.8000000000000005
0.9999999999999999
0.09999999999999987
3.7000000000000037
2.9000000000000012
-0.40000000000000013
1.600000000000001
4.999999999999998
-0.5000000000000001
0
0.30000000000000004
0.9999999999999998
2.4000000000000012
0.7999999999999998
-0.5
0.2
1.9000000000000006
1.9000000000000021
2.700000000000002
0.8999999999999999
0.1
-0.10000000000000003
0.7
3.2000000000000015
0.3999999999999999
0.30000000000000004
0.7
3.2000000000000015
1.0000000000000004
0.7999999999999999
0.3999999999999999
0.5
0.9999999999999999
4.8999999999999995
1.500000000000001
0
0.1
4.6
1.4000000000000004
0.6000000000000001
0.1
0.8999999999999999
2.3000000000000007
4.600000000000001
5.399999999999995
0.5
3.0000000000000013
7.5999999999999845
1.3
5.499999999999994
2.800000000000002
1.8000000000000014
1.5000000000000002
0.6
0.6999999999999998
0.8999999999999999
0.1
0.6999999999999998
0.8999999999999999
1.7000000000000004
0.6999999999999998
2.800000000000003
2.2000000000000006
-0.6000000000000001
3.3000000000000016
1.3
-0.20000000000000004
2.100000000000001
-0.4
5.299999999999998
3.1000000000000014
0.4999999999999999
2.000000000000001
0
-2.7755575615628914e-17
0.4
0.9000000000000001
2.0000000000000004
-0.6000000000000001
0.30000000000000004
3.5000000000000018
0.8999999999999999
2.100000000000001
0.30000000000000004
0.6
0.30000000000000004
0.9999999999999999
2.9000000000000012
0.09999999999999987
2.2000000000000006
-0.4
1.1000000000000005
1.3000000000000005
0.7999999999999999
-0.30000000000000016
0.9
0.30000000000000004
0
1.9000000000000006
0.4
1.2000000000000006
0.1
1.8000000000000016
0
0
0.3999999999999999
0.2
2.0000000000000004
1.8000000000000012
6.399999999999993
2.800000000000001
1.7000000000000004
-0.10000000000000026
2.0000000000000004
5.799999999999996
0.19999999999999998
1.0999999999999999
-0.5
4.8999999999999995
5.499999999999999
2.9000000000000012
0.7
1.5000000000000002
3.600000000000002
-0.10000000000000014
5.69999999999999
2.900000000000002
0.4999999999999999
1.4000000000000001
0.3999999999999999
0.7000000000000002
4.300000000000002
1.0999999999999999
1.0999999999999999
2.300000000000001
0.7
0.9999999999999999
0.9999999999999999
1.600000000000001
6.3999999999999915
5.099999999999996
0
1.4000000000000008
0.30000000000000004
2.3000000000000016
3.4000000000000026
4.000000000000003
3.4000000000000026
0
0.5
0.7999999999999999
0.4
-0.5
0.5
0.1
2.700000000000003
0
0
0.1
5.399999999999994
3.3000000000000025
3.3000000000000025
0.1
1.7000000000000004
0.5
0.5
1.3
1.4000000000000001
0.8999999999999999
1.8000000000000012
0.7999999999999999
0.8999999999999998
-0.5
0.1
2.4000000000000017
7.1999999999999815
1.9000000000000012
3.2000000000000024
0.4
0.6
0.2
1.0999999999999999
4.799999999999996
5.39999999999999
0.3
0.30000000000000004
8.999999999999973
1.7000000000000004
1.4000000000000008
9.49999999999997
5.799999999999988
0.7
1.7000000000000004
4.8999999999999995
0.5999999999999999
2.9000000000000012
1.7000000000000004
0.2
-0.20000000000000007
0.4
0.4
4.7
0.09999999999999987
0
0.2
0.5
-0.6000000000000001
3.1000000000000023
-0.4
3.100000000000003
3.8000000000000034
1.3
-3.608224830031759e-16
0.8999999999999999
3.6000000000000028
3.000000000000002
1.5000000000000002
2.500000000000001
3.800000000000003
1.4000000000000001
1.2
2.400000000000001
0.6
4.000000000000003
0.1
5.999999999999996
1.7000000000000004
3.300000000000002
5.899999999999997
4.8
2.3000000000000016
2.1000000000000014
0.7999999999999999
3.1000000000000014
0.7999999999999998
-0.7000000000000001
0.6
0.4
0.9999999999999998
0.5
1.700000000000001
0.2
1.4000000000000001
1.3
0.2999999999999998
0.7999999999999999
1.8000000000000012
2.800000000000002
0
2.600000000000002
8.399999999999983
-0.10000000000000003
0.30000000000000004
2.1000000000000014
0.7
0.8999999999999999
3.500000000000003
0.5
0.9999999999999999
0.5
0.6
6.099999999999992
0.6999999999999998
2.9000000000000026
1.5000000000000002
2.800000000000002
0.19999999999999996
1.2
3.1000000000000023
2.300000000000001
0.30000000000000004
2.4000000000000017
5.299999999999996
2.5000000000000018
0.1
1.0999999999999999
0.7
0.9999999999999999
4.699999999999999
0
1.3
3.900000000000005
0.2
0.2999999999999999
-1.1102230246251565e-16
0.7000000000000004
1.5000000000000018
1.7000000000000004
1.0999999999999999
0.6000000000000002
1.6000000000000003
3.6000000000000023
0.7999999999999999
1.1000000000000003
1.0999999999999999
2.700000000000002
1.0999999999999999
-0.10000000000000014
0.3
4.100000000000003
1.5000000000000007
3.9000000000000026
0.3
0.9000000000000002
1.9000000000000021
1.600000000000001
0.6
1.3000000000000003
2.0000000000000004
0.4999999999999999
2.5000000000000018
1.0
6.299999999999992
1.0999999999999999
2.0000000000000004
-0.5000000000000001
1.8000000000000016
1.2
3.300000000000003
3.700000000000004
2.0000000000000013
1.7000000000000015
4.100000000000001
2.7000000000000033
2.400000000000001
1.0999999999999999
2.800000000000001
0.1
0.9000000000000002
2.0000000000000004
1.7000000000000004
0.7
5.799999999999996
0
3.4000000000000035
0.5
0.2
6.499999999999991
1.5000000000000002
2.800000000000002
3.300000000000002
3.2000000000000024
1.0999999999999999
0.4
5.499999999999994
10.09999999999997
4.000000000000002
2.1000000000000005
-0.20000000000000015
2.9000000000000012
1.7000000000000004
0
0.6
2.0000000000000004
5.099999999999998
0.7999999999999999
0.3
5.899999999999995
0.6
0.4999999999999999
2.800000000000003
3.700000000000002
1.800000000000001
2.0000000000000004
2.4000000000000017
1.0999999999999999
1.3
1.8000000000000012
2.900000000000003
1.6000000000000003
5.599999999999991
0.8999999999999999
0.5
0.8000000000000004
6.7999999999999865
4.999999999999999
-0.4
0.6
1.0999999999999999
3.0000000000000013
4.400000000000001
3.700000000000003
2.800000000000003
0.6
3.5000000000000018
5.599999999999993
2.2000000000000006
3.999999999999999
5.6999999999999895
1.3
2.200000000000001
2.600000000000002
1.3
3.0000000000000013
5.599999999999995
4.6000000000000005
-0.4
5.499999999999996
4.000000000000002
2.5000000000000018
1.7000000000000004
0.8999999999999999
2.6000000000000014
1.6000000000000008
0.8999999999999999
2.5000000000000027
4.4999999999999964
2.5000000000000018
2.6000000000000014
-1.3877787807814457e-16
1.2
4.3000000000000025
4.3000000000000025
2.600000000000001
2.1000000000000014
0.9999999999999999
0.8999999999999999
1.4000000000000001
0.2
3.4000000000000017
0.19999999999999998
3.5000000000000018
-1.3877787807814457e-16
0.2
10.499999999999961
0.8999999999999999
2.700000000000002
0.1
0.7
3.3000000000000034
0.4
1.2
2.3000000000000007
5.1
3.4000000000000012
0.4
1.8000000000000005
0.8999999999999999
0.7999999999999999
0.4
2.6000000000000023
0.1
2.4000000000000012
0.6999999999999998
2.700000000000001
2.9000000000000012
0.09999999999999995
3.1000000000000014
0.2
6.999999999999984
0.30000000000000004
2.600000000000001
0.4
2.0000000000000004
2.1000000000000014
1.600000000000001
4.200000000000003
0.29999999999999993
0.1
0
0.7
3.2000000000000024
2.800000000000002
2.0000000000000004
0
4.200000000000003
0.4
0.8999999999999999
0.5
2.4000000000000012
0.6
5.0
4.000000000000003
0.6999999999999998
0.7
3.0000000000000013
0
0.5
0.8999999999999999
1.8000000000000005
2.200000000000001
3.4000000000000026
4.6
-5.551115123125783e-17
0.2
3.5000000000000027
3.4000000000000026
3.8000000000000025
2.5000000000000018
1.5000000000000002
1.2
0.7
0
4.8
0.3999999999999999
1.2
1.3
2.0000000000000004
0.2
0.1
0.09999999999999992
2.9000000000000012
-0.30000000000000016
0.5999999999999999
4.799999999999999
3.1000000000000014
1.5000000000000002
5.499999999999997
1.8000000000000005
1.2
0.2
3.500000000000002
2.0000000000000004
2.0000000000000004
0.2
0.9999999999999999
0
3.2000000000000015
2.700000000000002
1.5000000000000009
0.8999999999999999
0.30000000000000004
0.7999999999999999
10.999999999999963
0.9000000000000006
2.3000000000000007
1.7000000000000004
1.5000000000000002
3.700000000000002
3.1000000000000023
2.200000000000001
0.4
4.299999999999999
0
2.400000000000001
0.8999999999999999
0.29999999999999993
2.3000000000000007
6.2999999999999945
1.600000000000001
7.59999999999998
2.4000000000000017
0.1
2.800000000000003
3.5000000000000027
0.2
2.1000000000000005
1.5000000000000002
0.7999999999999998
4.200000000000001
0
1.4000000000000001
1.0000000000000002
0.5
0.7
0.7
2.2000000000000006
0.5
8.499999999999982
0.7999999999999999
7.799999999999986
0.30000000000000004
6.499999999999988
2.3000000000000007
2.3000000000000007
1.7000000000000004
10.799999999999976
3.2000000000000015
1.2
3.4000000000000026
9.19999999999998
0.7
2.3000000000000007
1.3
0
2.1000000000000005
0.7
1.9000000000000006
2.1000000000000005
0.7999999999999999
3.3000000000000016
0.7
1.0999999999999999
0
-0.6
2.800000000000001
0.2999999999999999
1.0999999999999999
0.9999999999999999
3.4000000000000017
5.799999999999993
2.500000000000001
0.8999999999999999
6.299999999999994
0.1
4.000000000000002
1.9000000000000006
3.600000000000002
1.9000000000000006
0.30000000000000004
4.5
1.0999999999999999
0.5
0.4
2.400000000000001
1.9000000000000006
4.799999999999999
1.0999999999999999
2.1000000000000014
3.5000000000000018
0
4.899999999999999
1.6000000000000003
0.9999999999999999
0.1
0
8.099999999999989
0.7999999999999999
15.199999999999958
4.000000000000002
2.1000000000000005
0.4
5.899999999999993
2.500000000000001
2.3000000000000007
4.5
0.7
11.099999999999978
0
8.89999999999998
6.499999999999993
4.399999999999997
2.800000000000001
4.500000000000001
2.0000000000000004
13.199999999999967
2.400000000000001
6.29999999999999
1.5000000000000002
4.000000000000002
1.8000000000000005
0.6999999999999998
2.2000000000000006
6.599999999999989
1.7000000000000004
4.200000000000001
0.7
7.099999999999987
5.1999999999999975
0.7999999999999999
1.8000000000000005
2.5000000000000013
4.6
2.1000000000000005
4.000000000000002
0.9999999999999999
0.6
12.699999999999973
0.8999999999999999
0.2
4.000000000000002
0.30000000000000004
3.900000000000002
2.0000000000000004
6.59999999999999
2.0000000000000004
4.300000000000002
14.999999999999963
14.199999999999964
0
4.699999999999999
9.89999999999998
1.9000000000000006
0.5
4.100000000000001
9.399999999999984
4.000000000000002
0.7999999999999998
0.8999999999999999
1.2
1.6000000000000003
1.8000000000000005
0.7
0.4
1.0999999999999999
2.2000000000000006
0.5
0.2
21.800000000000043
2.700000000000001
0.6
0.7999999999999999
2.1000000000000005
0.1
6.499999999999993
1.4000000000000001
1.4000000000000001
0.2
14.69999999999996
0
9.299999999999983
11.799999999999969
5.299999999999997
0.7999999999999999
1.700000000000001
6.29999999999999
4.6000000000000005
0.4
0.5
0.30000000000000004
4.300000000000001
19.099999999999994
10.299999999999974
2.600000000000001
1.3
1.6000000000000003
2.500000000000001
12.099999999999975
2.0000000000000004
0.8999999999999999
6.899999999999988
7.29999999999999
4.100000000000002
0.7
1.7000000000000004
31.00000000000018
1.9000000000000006
2.700000000000002
9.799999999999981
11.599999999999971
9.199999999999983
4.200000000000001
6.199999999999994
1.3
0.7
3.5000000000000018
9.99999999999998
1.4000000000000001
4.100000000000001
1.8000000000000005
3.800000000000002
7.899999999999983
9.499999999999982
15.199999999999955
24.40000000000007
16.099999999999955
12.29999999999997
13.399999999999961
5.699999999999997
8.699999999999982
21.300000000000047
7.9999999999999805
10.999999999999977
4.6000000000000005
2.400000000000001
6.499999999999989
0.30000000000000004
2.0000000000000004
10.899999999999977
1.8000000000000005
7.599999999999989
12.299999999999969
7.599999999999989
0.9999999999999999
0.9999999999999999
40.60000000000033
26.90000000000011
25.000000000000096
2.5000000000000018
21.60000000000005
1.6000000000000012
6.499999999999993
1.5000000000000002
4.5
12.799999999999967
12.899999999999967
4.4
25.400000000000087
39.600000000000314
6.299999999999994
9.29999999999998
0.9999999999999999
12.599999999999971
17.399999999999974
0
9.599999999999982
15.199999999999957
14.999999999999963
4.4
2.500000000000001
9.899999999999977
21.50000000000004
0.2
19.4
17.09999999999997
18.69999999999999
5.399999999999998
28.00000000000014
0.1
9.29999999999998
2.900000000000002
6.699999999999992
26.10000000000011
1.8000000000000005
2.1000000000000005
3.3000000000000025
7.9999999999999885
22.10000000000004
21.100000000000048
2.500000000000001
0.6
1.4000000000000001
7.699999999999985
0
17.299999999999972
5.699999999999995
2.400000000000001
14.699999999999964
8.799999999999985
32.600000000000215
26.400000000000116
0.4
3.800000000000002
9.199999999999983
2.500000000000001
2.500000000000001
16.499999999999964
5.899999999999996
28.700000000000134
1.0999999999999999
1.3
2.0000000000000004
3.3000000000000016
3.700000000000002
9.599999999999984
28.60000000000015
1.7000000000000004
7.29999999999999
3.5000000000000018
23.800000000000065
3.4000000000000017
17.099999999999973
21.300000000000043
5.1999999999999975
5.799999999999996
13.999999999999963
15.899999999999956
9.799999999999981
3.1000000000000014
2.400000000000001
3.5000000000000027
6.399999999999993
5.599999999999997
16.49999999999996
11.99999999999997
8.699999999999985
19.700000000000006
18.799999999999994
6.799999999999993
29.200000000000156
26.600000000000104
16.49999999999996
11.79999999999997
3.1000000000000014
5.599999999999996
20.20000000000001
22.500000000000046
3.800000000000002
11.099999999999975
17.799999999999983
17.299999999999972
21.500000000000032
25.100000000000097
55.30000000000054
31.30000000000019
14.299999999999958
5.899999999999995
12.799999999999967
32.8000000000002
7.39999999999999
32.100000000000215
12.99999999999997
10.799999999999974
2.400000000000001
12.299999999999969
5.599999999999996
16.599999999999962
27.100000000000126
19.3
49.30000000000046
-0.30000000000000016
7.899999999999988
11.499999999999977
18.799999999999994
0.2999999999999999
23.200000000000056
21.800000000000058
4.699999999999996
11.399999999999975
0.7999999999999999
0.5
7.599999999999989
9.89999999999998
6.399999999999994
15.299999999999958
6.8999999999999915
2.600000000000002
29.40000000000016
91.99999999999898
12.199999999999969
24.200000000000085
21.200000000000028
18.099999999999984
29.800000000000164
2.0000000000000004
5.599999999999996
3.3000000000000016
9.199999999999983
27.700000000000134
20.00000000000001
4.799999999999999
12.999999999999972
5.299999999999997
24.000000000000068
2.9000000000000012
28.20000000000014
18.999999999999996
0.5
5.4999999999999964
11.199999999999974
0.8999999999999999
40.600000000000335
17.399999999999974
7.29999999999999
22.20000000000006
6.999999999999991
17.09999999999997
5.399999999999993
10.599999999999975
17.79999999999998
30.000000000000153
22.000000000000043
6.399999999999993
10.09999999999998
0.2
0.6
7.59999999999999
65.8000000000005
38.10000000000029
6.499999999999993
15.699999999999957
5.199999999999995
14.69999999999996
1.4000000000000001
11.599999999999975
2.9000000000000012
0
2.700000000000001
46.900000000000425
13.999999999999963
2.2000000000000006
44.40000000000037
48.100000000000435
8.199999999999987
45.2000000000004
19.500000000000004
12.599999999999971
11.899999999999975
6.799999999999992
47.600000000000435
3.2000000000000015
86.59999999999933
7.2999999999999865
43.60000000000038
53.800000000000516
8.499999999999986
10.09999999999998
8.999999999999984
12.299999999999974
13.599999999999964
6.299999999999994
90.19999999999905
6.399999999999993
16.599999999999962
19.099999999999998
10.899999999999974
48.00000000000044
15.199999999999958
11.499999999999972
9.099999999999984
15.299999999999958
4.999999999999998
0.30000000000000004
10.799999999999974
1.4000000000000001
15.999999999999956
5.299999999999997
28.400000000000144
0.6
10.899999999999977
22.200000000000042
13.499999999999966
36.30000000000025
9.799999999999981
2.000000000000001
8.699999999999985
7.499999999999989
4.000000000000003
34.80000000000023
-0.20000000000000004
4.300000000000001
6.5999999999999925
12.09999999999997
53.60000000000051
29.30000000000016
7.499999999999989
3.600000000000002
3.900000000000002
18.49999999999999
22.80000000000005
11.599999999999971
7.29999999999999
33.600000000000215
52.400000000000496
9.399999999999979
2.500000000000001
2.500000000000001
16.49999999999996
6.199999999999994
22.500000000000046
32.70000000000021
2.2000000000000006
6.499999999999989
3.3000000000000016
43.500000000000355
2.500000000000001
16.099999999999955
33.90000000000022
93.89999999999884
5.399999999999997
34.300000000000225
2.400000000000001
0
21.000000000000025
15.999999999999956
26.500000000000103
10.29999999999998
8.799999999999981
0.1
40.500000000000334
2.700000000000001
44.70000000000037
21.200000000000028
55.90000000000055
8.699999999999982
4.699999999999999
9.29999999999998
2.2000000000000006
32.3000000000002
3.500000000000002
58.600000000000605
9.89999999999998
48.50000000000044
11.899999999999974
29.900000000000173
5.599999999999996
22.600000000000065
2.800000000000001
39.5000000000003
3.2000000000000015
50.900000000000475
0.7
2.9000000000000012
9.199999999999983
5.399999999999997
0.6
11.499999999999975
31.10000000000019
9.899999999999977
7.099999999999991
10.499999999999975
50.90000000000048
6.499999999999989
47.40000000000043
34.400000000000226
86.29999999999927
19.40000000000002
21.60000000000005
5.299999999999997
26.700000000000106
19.300000000000008
9.899999999999983
3.3000000000000016
12.499999999999968
55.900000000000546
3.900000000000002
26.300000000000114
25.600000000000104
35.700000000000244
29.900000000000166
9.799999999999981
44.30000000000037
49.700000000000465
5.4999999999999964
13.799999999999965
9.799999999999978
13.499999999999968
30.400000000000173
17.699999999999978
1.5000000000000002
38.70000000000029
30.500000000000174
8.499999999999986
8.999999999999984
19.0
75.59999999999997
52.3000000000005
13.09999999999997
14.99999999999996
28.900000000000137
21.700000000000042
7.499999999999989
17.299999999999972
57.300000000000566
2.400000000000001
28.800000000000136
43.60000000000038
38.90000000000029
18.299999999999986
7.29999999999999
4.4
35.40000000000025
9.299999999999985
26.700000000000106
20.800000000000026
1.8000000000000012
0.7
1.9000000000000006
0.7999999999999999
68.5000000000004
27.900000000000144
7.999999999999988
22.80000000000005
0.9999999999999999
24.30000000000009
14.399999999999961
26.300000000000118
10.099999999999977
1.5000000000000002
9.299999999999983
29.50000000000016
17.899999999999995
2.700000000000001
15.599999999999957
35.200000000000244
17.899999999999988
0.7999999999999999
16.69999999999997
0
0.7
38.800000000000296
6.499999999999994
0.2
2.600000000000001
4.699999999999999
7.699999999999985
0.9999999999999999
35.00000000000023
9.89999999999998
1.5000000000000002
33.20000000000021
21.700000000000035
9.19999999999998
9.299999999999983
19.3
24.10000000000007
11.299999999999978
56.500000000000554
15.499999999999957
10.599999999999978
7.59999999999999
9.099999999999984
1.8000000000000005
42.700000000000365
3.700000000000002
38.20000000000028
19.099999999999998
1.3
0.2
3.0000000000000013
44.00000000000036
12.299999999999974
4.000000000000002
0.30000000000000004
9.399999999999984
26.2000000000001
6.19999999999999
11.099999999999977
2.1000000000000005
2.400000000000001
74.40000000000009
16.099999999999962
50.40000000000047
18.999999999999996
14.59999999999996
133.6999999999965
3.3000000000000016
27.00000000000011
39.3000000000003
14.299999999999967
3.3000000000000016
14.299999999999967
10.899999999999974
1.4000000000000001
16.39999999999996
12.79999999999997
4.500000000000001
0.5
7.899999999999988
9.899999999999977
10.799999999999978
0.6
8.299999999999983
15.89999999999996
9.799999999999981
28.000000000000124
13.999999999999966
16.099999999999955
30.600000000000176
2.1000000000000005
16.49999999999996
40.80000000000032
28.100000000000126
4.100000000000002
14.199999999999966
21.400000000000038
3.4000000000000017
14.199999999999966
8.799999999999986
11.599999999999971
13.09999999999997
3.1000000000000014
21.20000000000005
13.399999999999968
13.799999999999963
2.700000000000001
10.09999999999998
0.4
16.899999999999967
0.4
4.099999999999999
-0.2000000000000007
6.8999999999999915
25.800000000000082
4.000000000000002
6.499999999999993
7.899999999999989
0.4
4.899999999999999
6.5999999999999925
18.900000000000013
11.899999999999974
0.7999999999999999
7.2999999999999865
16.399999999999963
16.39999999999996
22.700000000000063
1.9000000000000006
0.6
29.200000000000156
27.600000000000133
34.70000000000023
6.799999999999992
2.600000000000001
62.100000000000634
0.6
4.000000000000002
28.800000000000136
15.59999999999996
3.4000000000000017
9.499999999999982
46.200000000000394
36.600000000000264
8.499999999999982
5.099999999999998
24.20000000000007
14.499999999999961
13.899999999999963
4.4
0.2
12.09999999999997
11.899999999999974
2.0000000000000004
1.6000000000000003
27.600000000000136
1.7000000000000004
6.099999999999994
24.9000000000001
4.100000000000001
29.600000000000147
19.80000000000001
7.599999999999989
3.2000000000000015
0
3.5000000000000018
6.29999999999999
9.799999999999981
9.399999999999979
13.499999999999968
9.999999999999982
9.399999999999983
59.2000000000006
18.300000000000004
24.000000000000085
20.300000000000015
63.40000000000065
13.39999999999997
12.09999999999997
3.800000000000002
0.7999999999999999
12.499999999999968
3.900000000000002
15.499999999999957
15.19999999999996
12.99999999999997
10.199999999999976
23.40000000000006
0.7
6.199999999999994
35.300000000000246
34.80000000000023
57.200000000000564
1.6000000000000003
12.099999999999973
6.099999999999994
11.599999999999973
12.999999999999966
26.50000000000012
26.100000000000097
6.199999999999995
20.300000000000015
51.10000000000048
7.599999999999989
1.3
26.90000000000011
36.000000000000256
7.799999999999989
36.400000000000254
0.8999999999999999
24.80000000000008
1.0999999999999999
7.899999999999984
6.499999999999993
19.500000000000004
30.400000000000173
11.999999999999973
26.00000000000011
19.700000000000024
5.799999999999995
6.099999999999994
6.599999999999989
4.6
43.500000000000355
1.3
20.200000000000014
0.5
14.999999999999964
4.300000000000001
41.00000000000034
3.800000000000002
13.499999999999968
17.299999999999976
23.700000000000085
19.20000000000001
18.9
21.90000000000004
23.700000000000063
8.199999999999983
19.700000000000006
4.4
131.3999999999966
28.600000000000147
16.99999999999997
0
7.39999999999999
0.2
12.499999999999968
22.000000000000057
10.499999999999979
14.199999999999964
49.80000000000046
6.799999999999992
22.80000000000005
27.900000000000137
13.299999999999969
24.500000000000096
1.8000000000000005
5.699999999999996
6.8999999999999915
-0.8
7.499999999999989
9.399999999999983
3.3000000000000025
9.799999999999981
4.300000000000001
21.000000000000032
4.400000000000001
39.200000000000294
23.800000000000065
7.099999999999991
71.50000000000026
23.200000000000056
36.80000000000027
34.500000000000234
5.699999999999996
13.09999999999997
22.200000000000042
10.999999999999979
9.299999999999983
17.199999999999974
81.89999999999961
4.300000000000001
29.000000000000153
29.90000000000017
14.79999999999996
7.29999999999999
23.60000000000008
4.4
4.999999999999998
15.499999999999957
23.800000000000065
7.199999999999987
1.8000000000000005
0.7
16.399999999999963
16.499999999999964
40.100000000000314
12.199999999999973
17.79999999999998
24.700000000000077
28.000000000000146
13.899999999999963
1.2
9.499999999999982
4.899999999999999
18.599999999999994
12.199999999999974
9.19999999999998
3.2000000000000015
7.29999999999999
2.0000000000000004
2.2000000000000006
12.899999999999972
9.19999999999998
17.599999999999994
46.40000000000042
8.399999999999986
25.300000000000107
8.799999999999985
29.50000000000016
13.899999999999963
8.499999999999986
10.499999999999975
7.899999999999988
23.200000000000056
47.20000000000042
4.699999999999999
4.899999999999999
2.700000000000001
18.399999999999995
1.7000000000000004
20.900000000000045
27.500000000000135
9.499999999999982
5.399999999999997
33.600000000000215
48.70000000000045
0.1
3.0000000000000013
7.499999999999989
13.399999999999968
16.299999999999965
50.60000000000048
56.80000000000056
50.50000000000047
7.099999999999991
43.20000000000035
8.599999999999985
10.899999999999974
46.10000000000041
32.200000000000195
25.300000000000086
44.00000000000036
3.8000000000000025
15.399999999999961
14.899999999999963
19.099999999999998
9.69999999999998
14.299999999999962
24.900000000000098
3.4000000000000017
25.400000000000087
4.100000000000002
20.600000000000033
17.89999999999998
2.600000000000001
20.70000000000002
23.800000000000065
34.40000000000023
2.800000000000001
15.29999999999996
15.199999999999958
70.60000000000022
20.400000000000027
6.499999999999993
2.400000000000001
31.60000000000019
5.099999999999998
0.9999999999999999
9.29999999999998
4.5
0.5
1.6000000000000003
7.799999999999988
25.300000000000104
43.400000000000354
28.400000000000144
4.6
2.600000000000001
3.1000000000000014
78.09999999999987
68.70000000000041
24.700000000000077
3.600000000000002
52.1000000000005
17.49999999999998
22.10000000000004
20.90000000000003
59.50000000000062
40.80000000000033
27.900000000000123
7.399999999999988
14.999999999999963
0.5999999999999999
20.10000000000003
15.199999999999962
1.8000000000000012
72.00000000000023
76.89999999999995
81.49999999999963
30.200000000000156
8.199999999999987
34.60000000000023
32.0000000000002
0.2
7.399999999999989
27.500000000000117
10.999999999999973
46.60000000000044
17.49999999999998
11.499999999999975
22.200000000000042
5.199999999999994
18.499999999999993
0.19999999999999987
10.999999999999977
16.199999999999957
14.199999999999962
7.19999999999999
9.499999999999979
14.499999999999964
1.5000000000000009
10.09999999999998
13.399999999999965
50.30000000000045
0.9999999999999999
36.10000000000026
14.899999999999965
4.4
3.700000000000003
5.399999999999997
43.20000000000035
18.899999999999995
31.300000000000185
5.599999999999996
7.899999999999984
8.599999999999985
41.10000000000032
19.099999999999998
16.599999999999962
13.199999999999966
13.299999999999965
13.899999999999967
19.2
33.60000000000022
31.200000000000184
22.900000000000052
5.899999999999995
5.699999999999992
7.599999999999989
22.500000000000046
2.1000000000000005
23.00000000000007
27.90000000000014
16.699999999999964
28.800000000000136
14.299999999999967
1.8000000000000005
4.5
26.200000000000117
3.700000000000002
28.500000000000146
6.299999999999994
15.999999999999956
12.199999999999973
2.9000000000000017
7.899999999999988
27.70000000000012
7.499999999999989
30.000000000000167
54.600000000000534
59.70000000000062
9.499999999999982
3.4000000000000017
22.200000000000042
12.499999999999973
20.60000000000002
39.7000000000003
16.599999999999966
41.00000000000032
72.30000000000021
36.400000000000254
11.69999999999997
0.2
4.100000000000001
21.200000000000028
18.999999999999996
1.3
6.999999999999988
1.8000000000000005
3.900000000000002
0.7999999999999999
0.1
4.5
43.70000000000036
22.10000000000006
3.600000000000002
40.90000000000032
0.1
15.799999999999956
4.4
15.399999999999958
3.0000000000000013
0.5
13.399999999999965
27.900000000000123
2.4000000000000017
1.3
12.599999999999971
1.7000000000000004
21.90000000000006
34.70000000000024
0.9999999999999999
0.2
40.00000000000031
0.19999999999999987
12.99999999999997
15.599999999999957
12.199999999999969
5.1999999999999975
2.9000000000000012
15.899999999999956
28.300000000000143
24.700000000000095
34.300000000000225
22.50000000000006
27.300000000000114
75.00000000000006
3.700000000000002
9.899999999999983
11.499999999999972
15.69999999999996
13.29999999999997
12.599999999999968
44.70000000000037
14.899999999999963
11.099999999999975
17.699999999999978
3.4000000000000017
51.10000000000048
54.70000000000053
20.200000000000014
11.299999999999972
33.700000000000216
7.499999999999989
6.999999999999991
17.39999999999998
68.50000000000041
31.10000000000017
4.899999999999999
34.00000000000022
11.899999999999974
31.900000000000194
8.199999999999987
14.799999999999965
22.900000000000052
6.199999999999995
1.0999999999999999
12.89999999999997
17.599999999999994
5.899999999999995
6.999999999999991
3.3000000000000016
26.700000000000127
9.399999999999983
16.29999999999996
30.10000000000017
1.0999999999999999
0.4
13.499999999999964
3.5000000000000018
10.499999999999979
27.000000000000128
34.300000000000225
13.699999999999967
7.699999999999987
4.799999999999999
11.299999999999972
29.20000000000016
26.2000000000001
22.700000000000067
28.200000000000127
9.399999999999979
14.69999999999996
4.5
12.599999999999971
52.0000000000005
7.199999999999987
8.099999999999987
7.099999999999991
16.999999999999975
7.599999999999986
0.9999999999999999
6.199999999999994
23.100000000000055
31.100000000000186
10.899999999999974
80.99999999999966
31.90000000000019
75.29999999999998
0.30000000000000004
2.3000000000000007
22.30000000000005
62.900000000000645
15.399999999999958
2.2000000000000006
0.9999999999999999
9.29999999999998
17.799999999999983
1.5000000000000002
34.400000000000226
27.80000000000014
9.799999999999981
32.0000000000002
6.599999999999989
7.899999999999988
8.799999999999985
5.599999999999996
5.1999999999999975
50.60000000000047
12.69999999999997
18.900000000000002
42.80000000000037
33.300000000000196
45.70000000000041
11.999999999999973
-0.9
38.60000000000031
8.499999999999986
4.200000000000001
7.2999999999999865
2.500000000000001
5.299999999999997
9.19999999999998
1.4000000000000001
40.600000000000335
0.7999999999999999
15.099999999999959
19.30000000000002
6.8999999999999915
15.299999999999958
17.89999999999998
50.40000000000045
8.799999999999986
2.800000000000001
15.899999999999956
25.50000000000009
4.4999999999999964
41.40000000000035
2.400000000000001
14.69999999999996
5.099999999999998
35.50000000000024
7.599999999999989
0.8999999999999999
6.799999999999988
16.899999999999984
39.70000000000032
3.0000000000000013
0.4
17.599999999999977
29.400000000000144
27.10000000000013
13.799999999999967
28.400000000000148
6.999999999999991
4.300000000000002
13.899999999999967
41.00000000000033
89.79999999999916
0.30000000000000004
1.4000000000000001
1.6000000000000003
9.099999999999985
29.700000000000163
31.800000000000196
17.999999999999982
18.199999999999985
15.299999999999958
54.400000000000524
21.200000000000028
50.200000000000465
15.59999999999996
33.100000000000215
0.8999999999999999
8.099999999999984
12.499999999999972
4.8999999999999995
41.70000000000034
10.09999999999998
14.199999999999967
48.30000000000044
31.500000000000174
39.70000000000031
3.700000000000002
11.399999999999975
2.500000000000001
4.4
24.400000000000073
6.399999999999993
34.600000000000236
46.30000000000041
28.100000000000136
55.800000000000544
2.400000000000001
14.299999999999962
8.299999999999986
30.30000000000018
17.89999999999998
46.000000000000405
2.2000000000000006
31.80000000000018
0.4
23.60000000000008
13.09999999999997
0.7999999999999999
67.50000000000048
17.19999999999997
13.599999999999964
44.200000000000365
50.500000000000476
26.300000000000118
69.60000000000035
4.8
1.0999999999999999
31.500000000000174
19.900000000000016
34.70000000000024
7.899999999999984
54.60000000000053
0.2
22.400000000000045
14.299999999999962
1.6000000000000003
3.5000000000000018
16.599999999999962
8.799999999999985
10.39999999999998
15.899999999999956
15.899999999999956
2.400000000000001
1.9000000000000006
0.30000000000000004
0.30000000000000004
16.09999999999996
12.399999999999968
7.799999999999988
34.90000000000023
12.399999999999968
11.999999999999973
30.000000000000156
6.2999999999999945
23.600000000000062
7.999999999999988
13.399999999999968
9.699999999999978
16.199999999999957
19.40000000000002
8.799999999999985
9.799999999999978
13.09999999999997
20.900000000000027
40.40000000000033
8.199999999999987
2.800000000000001
2.3000000000000007
49.00000000000045
1.8000000000000005
13.499999999999964
0.9999999999999999
15.799999999999956
24.900000000000098
1.8000000000000005
3.4000000000000017
4.799999999999999
17.899999999999988
16.099999999999962
77.4999999999999
1.4000000000000001
35.000000000000234
20.00000000000003
21.40000000000005
5.699999999999996
15.999999999999956
1.7000000000000004
8.599999999999982
38.500000000000306
12.599999999999971
9.49999999999998
34.10000000000022
18.200000000000003
4.6
24.90000000000008
0.7
57.600000000000584
8.199999999999987
10.099999999999977
2.600000000000001
81.39999999999968
1.2
0.7
12.299999999999972
112.59999999999779
2.5000000000000018
3.800000000000002
3.4000000000000017
37.200000000000266
3.3000000000000016
18.399999999999988
29.50000000000016
12.99999999999997
10.299999999999978
25.90000000000011
8.499999999999986
14.099999999999964
45.600000000000385
2.700000000000001
15.299999999999958
5.399999999999997
10.19999999999998
3.2000000000000024
14.299999999999965
38.40000000000028
7.099999999999992
16.799999999999965
1.6000000000000003
63.600000000000655
12.499999999999968
9.299999999999983
3.7000000000000015
15.89999999999996
28.20000000000015
17.19999999999997
5.999999999999995
11.79999999999997
1.7000000000000004
0.8999999999999999
3.0000000000000013
13.799999999999963
13.09999999999997
0.2
5.299999999999997
47.30000000000041
12.89999999999997
10.499999999999975
13.199999999999969
85.39999999999941
11.299999999999972
14.099999999999966
28.50000000000015
1.6000000000000003
25.400000000000087
7.799999999999989
3.0000000000000013
59.6000000000006
9.09999999999998
4.000000000000002
10.09999999999998
43.00000000000037
14.099999999999962
30.400000000000176
21.900000000000052
0.4
10.799999999999978
2.700000000000003
18.8
15.999999999999961
2.9000000000000012
17.39999999999998
17.799999999999983
4.899999999999999
24.100000000000087
1.0999999999999999
15.799999999999956
7.999999999999988
2.700000000000001
10.399999999999975
20.70000000000002
26.4000000000001
2.9000000000000012
20.00000000000003
47.10000000000043
22.400000000000045
37.30000000000027
37.00000000000026
16.999999999999968
10.099999999999977
22.10000000000006
34.60000000000023
46.00000000000041
16.799999999999965
61.60000000000063
10.499999999999975
6.399999999999993
3.5000000000000018
41.900000000000354
8.299999999999986
15.499999999999957
51.00000000000046
1.6000000000000003
12.199999999999973
28.90000000000015
15.299999999999958
13.999999999999966
8.599999999999987
9.099999999999984
0.7
6.2999999999999945
9.399999999999983
19.099999999999998
23.100000000000055
48.60000000000045
51.20000000000048
40.10000000000031
20.300000000000015
4.6
8.199999999999987
48.00000000000042
1.0999999999999999
0.5
5.099999999999999
40.30000000000032
25.000000000000096
45.80000000000041
5.099999999999998
9.399999999999979
2.9000000000000012
25.70000000000009
34.60000000000023
6.199999999999994
23.700000000000085
5.399999999999997
14.89999999999996
8.199999999999987
24.30000000000007
0.4999999999999999
26.900000000000126
7.29999999999999
55.00000000000054
40.600000000000314
17.599999999999984
2.400000000000001
0.9999999999999999
4.4
4.699999999999999
31.300000000000185
24.80000000000008
8.299999999999986
0.8000000000000003
42.000000000000355
19.700000000000006
4.5
11.79999999999997
17.299999999999972
9.599999999999982
1.5000000000000002
27.70000000000014
1.9000000000000006
79.59999999999971
4.6
20.80000000000003
45.600000000000406
13.999999999999963
32.40000000000018
35.70000000000025
25.700000000000113
31.000000000000167
7.399999999999991
0.8999999999999999
9.199999999999983
11.799999999999976
5.999999999999995
23.100000000000076
29.30000000000016
13.999999999999963
30.000000000000167
49.300000000000445
1.2
23.700000000000085
96.7999999999987
4.100000000000001
26.90000000000011
0.1
1.2
9.199999999999983
54.90000000000053
10.29999999999998
19.900000000000016
0.6
7.39999999999999
42.800000000000345
4.999999999999998
0.1
0.30000000000000004
16.29999999999996
5.599999999999997
24.000000000000078
27.60000000000012
14.699999999999966
1.5000000000000002
54.00000000000052
4.1
1.5000000000000002
1.5000000000000002
53.4000000000005
3.2000000000000015
72.30000000000018
25.70000000000011
11.499999999999972
24.700000000000095
13.499999999999964
67.70000000000047
16.699999999999964
9.999999999999977
46.70000000000042
8.899999999999984
2.0000000000000004
21.700000000000053
10.899999999999977
34.80000000000024
13.299999999999965
22.400000000000045
16.49999999999996
1.4000000000000001
3.2000000000000015
5.599999999999996
40.20000000000033
16.799999999999965
9.299999999999983
15.699999999999957
10.199999999999976
33.30000000000022
2.400000000000001
16.699999999999967
32.400000000000205
12.299999999999969
0.9999999999999999
15.899999999999956
7.099999999999991
12.599999999999968
62.40000000000064
0.7
39.00000000000029
1.7000000000000004
13.699999999999964
43.100000000000364
38.500000000000284
37.800000000000296
5.1999999999999975
0.6
7.499999999999989
25.4000000000001
9.599999999999982
12.399999999999968
13.599999999999968
0.9999999999999998
7.799999999999988
7.499999999999986
4.4
76.79999999999987
10.899999999999977
25.000000000000103
3.2000000000000015
21.30000000000003
11.899999999999972
10.19999999999998
2.5000000000000013
0
53.900000000000524
7.9999999999999885
11.799999999999974
24.800000000000097
8.599999999999985
0.7
30.900000000000187
9.799999999999978
19.100000000000016
3.3000000000000016
32.00000000000018
13.29999999999997
109.19999999999791
0.6
4.4
59.10000000000059
17.799999999999983
9.499999999999979
15.099999999999959
1.0999999999999999
35.300000000000246
5.099999999999998
1.0999999999999999
0
17.19999999999997
1.6000000000000003
42.40000000000034
19.099999999999998
14.099999999999962
4.699999999999999
21.100000000000026
10.099999999999977
8.399999999999986
1.4000000000000001
4.000000000000002
27.20000000000013
1.7000000000000004
49.600000000000456
42.30000000000034
6.799999999999992
3.9
10.399999999999979
27.80000000000012
14.599999999999964
3.5000000000000013
4.100000000000001
31.10000000000017
13.29999999999997
2.9000000000000012
25.000000000000096
33.40000000000022
35.70000000000025
9.09999999999998
58.000000000000576
2.2000000000000006
18.199999999999985
10.19999999999998
31.600000000000197
2.800000000000001
20.800000000000022
12.299999999999974
47.80000000000043
0.30000000000000004
18.200000000000003
21.700000000000053
0.2
14.399999999999961
77.29999999999987
40.30000000000033
8.299999999999986
1.5000000000000002
32.6000000000002
3.700000000000002
18.59999999999999
3.3000000000000016
22.900000000000073
17.099999999999973
0.8999999999999999
11.699999999999974
2.600000000000001
13.699999999999966
6.799999999999992
1.0999999999999999
9.899999999999983
33.000000000000206
7.29999999999999
15.099999999999959
36.00000000000025
11.099999999999977
7.49999999999999
1.0999999999999999
4.999999999999998
34.90000000000023
51.700000000000486
40.700000000000315
10.899999999999977
23.500000000000078
8.399999999999986
4.999999999999998
1.0999999999999999
9.199999999999983
0.9999999999999999
25.70000000000009
9.699999999999983
10.29999999999998
18.799999999999997
18.200000000000003
9.299999999999983
39.00000000000029
22.600000000000048
20.60000000000002
0.2
53.50000000000052
3.0000000000000013
7.9999999999999885
0.4
11.999999999999973
7.49999999999999
39.6000000000003
0.4
0.7
31.200000000000184
10.799999999999978
30.90000000000018
21.40000000000003
6.499999999999993
2.2000000000000015
37.00000000000027
19.30000000000002
37.400000000000276
23.00000000000007
13.399999999999968
6.999999999999992
3.1000000000000014
15.099999999999959
15.999999999999956
2.0000000000000004
14.099999999999962
35.60000000000025
18.299999999999994
5.799999999999996
7.499999999999989
17.19999999999997
12.499999999999968
27.700000000000134
52.400000000000496
6.399999999999993
19.90000000000001
12.49999999999997
9.99999999999998
32.70000000000021
23.600000000000062
0.3999999999999999
6.699999999999992
9.099999999999984
22.100000000000062
11.299999999999976
18.399999999999988
14.099999999999962
9.99999999999998
4.400000000000001
0.6
8.499999999999986
11.499999999999968
22.500000000000046
26.4000000000001
13.699999999999967
51.20000000000049
25.500000000000103
21.30000000000003
39.4000000000003
22.600000000000048
34.10000000000023
25.600000000000104
19.40000000000002
114.49999999999766
42.50000000000034
32.1000000000002
4.300000000000001
29.000000000000156
14.099999999999962
29.800000000000168
14.399999999999961
10.999999999999977
25.70000000000011
38.600000000000286
12.09999999999997
15.099999999999962
6.199999999999995
17.89999999999998
2.0000000000000004
4.000000000000002
20.900000000000038
10.799999999999978
23.600000000000062
0.7
23.100000000000076
0
9.199999999999983
6.499999999999993
0.8999999999999998
37.50000000000029
6.199999999999994
6.999999999999991
4.100000000000001
29.500000000000163
4.899999999999999
1.3
5.899999999999996
0.6
7.799999999999988
15.599999999999957
9.599999999999982
37.9000000000003
3.700000000000002
1.6000000000000003
5.799999999999995
10.399999999999975
17.09999999999997
54.20000000000053
0.5
12.199999999999973
7.39999999999999
2.700000000000001
38.00000000000028
0
4.4
2.9000000000000012
18.599999999999994
1.5000000000000002
13.899999999999968
0.5
18.59999999999999
0.9999999999999999
10.199999999999976
4.100000000000001
13.199999999999966
28.90000000000015
7.999999999999984
38.0000000000003
8.099999999999987
8.799999999999985
-0.30000000000000016
73.90000000000012
40.40000000000033
5.099999999999998
1.2
4.100000000000001
6.599999999999989
0.6
14.199999999999966
9.39999999999998
57.80000000000057
3.3000000000000016
13.299999999999965
2.800000000000001
13.699999999999964
7.499999999999989
14.199999999999962
9.399999999999983
44.30000000000039
0.9999999999999999
10.999999999999977
32.0000000000002
0.4
67.20000000000041
9.699999999999982
20.00000000000001
0.4
21.800000000000036
4.500000000000001
1.6000000000000003
19.3
17.599999999999977
15.099999999999962
5.399999999999997
10.799999999999978
3.0000000000000013
12.199999999999973
2.9000000000000012
20.400000000000023
0.8999999999999999
4.999999999999998
8.899999999999984
0.4
8.699999999999982
36.20000000000025
34.60000000000023
75.70000000000002
16.29999999999996
43.10000000000037
7.799999999999988
24.700000000000077
7.59999999999999
35.30000000000024
23.200000000000056
19.400000000000002
45.30000000000038
49.000000000000455
23.700000000000063
0.5
2.600000000000001
36.50000000000028
21.200000000000045
7.799999999999988
25.50000000000009
28.800000000000153
15.099999999999959
56.30000000000055
5.999999999999995
12.199999999999969
2.9000000000000012
26.700000000000106
42.10000000000036
0.30000000000000004
11.899999999999974
3.3000000000000016
7.999999999999988
21.500000000000032
29.200000000000156
39.200000000000294
9.199999999999983
24.8000000000001
0.30000000000000004
28.800000000000143
32.00000000000019
28.800000000000136
0.9999999999999999
17.799999999999983
1.3
0.9999999999999999
3.800000000000002
16.49999999999996
10.999999999999977
25.80000000000011
18.19999999999999
6.099999999999994
16.199999999999957
22.80000000000005
9.999999999999982
4.999999999999998
33.800000000000225
16.799999999999972
21.100000000000033
53.80000000000054
67.90000000000038
4.200000000000001
24.90000000000008
23.200000000000074
48.60000000000045
9.29999999999998
18.399999999999988
21.700000000000035
12.399999999999968
2.0000000000000004
4.999999999999998
0.4
3.4000000000000017
4.899999999999999
1.7000000000000004
49.30000000000046
4.799999999999999
29.900000000000173
15.099999999999959
34.80000000000023
42.40000000000034
33.40000000000022
12.999999999999966
3.2000000000000015
20.60000000000002
0.5
9.299999999999983
0.9999999999999999
7.399999999999991
8.099999999999987
87.89999999999925
1.5000000000000002
25.70000000000011
11.599999999999975
9.699999999999982
22.900000000000066
21.50000000000005
7.999999999999988
2.700000000000001
31.900000000000194
9.499999999999979
23.000000000000068
3.5000000000000018
13.899999999999963
2.400000000000001
2.9000000000000012
2.3000000000000007
11.499999999999972
58.10000000000058
7.999999999999988
7.799999999999989
9.499999999999979
3.0000000000000013
3.2000000000000015
12.699999999999967
6.499999999999993
1.3
2.9000000000000012
41.10000000000032
39.500000000000306
14.699999999999964
6.899999999999989
23.800000000000075
0.30000000000000004
2.9000000000000012
0.9999999999999999
5.299999999999997
36.20000000000026
23.600000000000083
7.19999999999999
5.599999999999996
