11.599999999999971
7.599999999999989
1.8000000000000005
3.700000000000002
5.599999999999998
3.5
1.0999999999999999
23.600000000000087
3.1000000000000023
0.7
0.7999999999999999
7.899999999999988
7.399999999999977
2.700000000000001
1.5000000000000009
0.2
1.0000000000000002
0.7
0.30000000000000004
1.5000000000000002
0
2.600000000000001
0.5
1.7000000000000004
12.599999999999952
0.1
1.8000000000000005
0.5999999999999999
3.200000000000003
4.899999999999998
0.2
2.6000000000000023
0.7
1.2000000000000015
0.6
0.7999999999999998
0.09999999999999987
9.499999999999979
14.599999999999959
0.09999999999999998
2.2000000000000006
1.9000000000000006
2.0000000000000004
-0.40000000000000013
0.2
4.700000000000001
6.999999999999989
5.299999999999999
2.900000000000002
1.9000000000000006
8.49999999999998
2.500000000000001
2.3000000000000007
0.1
4.4
1.5000000000000002
1.6000000000000003
1.0999999999999999
1.2000000000000006
0
1.7000000000000004
0.4
3.800000000000004
3.1000000000000023
4.199999999999997
6.299999999999988
2.800000000000002
1.0999999999999999
6.999999999999991
1.9000000000000012
3.5000000000000027
4.0000000000000036
5.399999999999997
0.4
1.2
0.4
0.4
4.6
0.5
1.0999999999999999
4.099999999999999
0.30000000000000004
1.4000000000000001
3.1000000000000014
1.3000000000000007
1.5000000000000002
2.800000000000001
-0.30000000000000004
2.600000000000002
0.2
2.2000000000000006
0
0.8999999999999999
7.699999999999989
6.599999999999986
1.4000000000000001
0.5
2.4000000000000017
0.8999999999999999
0.2
1.0999999999999999
1.4000000000000001
2.1000000000000005
1.900000000000001
9.599999999999973
1.8000000000000005
0.3
7.599999999999985
4.300000000000003
0.7
2.0000000000000004
4.400000000000001
1.8000000000000012
6.199999999999993
3.6000000000000028
2.800000000000004
2.600000000000001
0.19999999999999987
0.5
1.0999999999999999
1.500000000000001
0
0.6
0
4.099999999999999
2.700000000000002
4.6999999999999975
0.30000000000000004
3.8
4.300000000000001
5.399999999999999
3.4000000000000044
4.000000000000003
0.9999999999999999
-0.40000000000000013
1.2
2.600000000000002
1.6000000000000003
3.200000000000004
3.6000000000000028
2.800000000000003
1.7000000000000004
2.800000000000002
3.300000000000003
0.7
0.9999999999999999
0.2
0.7
4.300000000000001
2.600000000000001
0.30000000000000004
1.9000000000000008
0
2.800000000000001
9.79999999999997
0
-0.10000000000000006
5.899999999999996
1.2
0.30000000000000004
9.099999999999984
1.3
0.2
2.2000000000000015
0.5
0.5
0.4
5.4999999999999964
2.800000000000001
0.9999999999999999
11.49999999999997
0.6999999999999998
2.700000000000002
0.5
7.29999999999999
1.6000000000000003
0.9999999999999999
0.30000000000000004
1.9000000000000006
10.899999999999972
1.5000000000000002
0.1
2.0000000000000004
1.8000000000000005
-0.30000000000000004
16.399999999999967
0.7999999999999999
3.4000000000000017
1.3
0.5
2.0000000000000004
2.800000000000001
4.699999999999996
2.000000000000001
1.2000000000000006
2.700000000000001
3.700000000000002
3.900000000000003
4.100000000000001
1.4000000000000008
0.8000000000000002
4.0
1.9000000000000006
4.100000000000001
2.600000000000001
0
4.8
0.7999999999999999
1.2
2.1000000000000005
0.7999999999999999
6.59999999999999
3.1000000000000014
2.0000000000000004
3.800000000000003
4.999999999999999
0.9999999999999999
3.5000000000000018
9.79999999999998
4.799999999999999
14.199999999999962
0.7999999999999999
13.999999999999963
1.5000000000000002
1.3
-0.7000000000000001
4.300000000000001
8.999999999999986
2.2000000000000006
6.8999999999999915
1.6000000000000003
3.0000000000000018
0.30000000000000004
2.1000000000000005
6.59999999999999
4.699999999999996
6.699999999999992
7.099999999999991
0.6
2.3000000000000016
3.800000000000002
2.1000000000000005
1.7000000000000004
-0.30000000000000004
1.3
3.2000000000000015
8.799999999999981
3.900000000000002
6.299999999999994
7.499999999999986
6.499999999999989
0.30000000000000004
1.7000000000000004
2.3000000000000007
14.69999999999996
0
5.099999999999996
1.8000000000000005
0.9999999999999999
10.29999999999998
3.700000000000002
2.0000000000000004
7.699999999999989
3.4000000000000017
5.299999999999998
2.1000000000000005
0.5
1.8000000000000005
1.7000000000000004
11.599999999999973
0.1
7.399999999999991
0.1
0.6
1.3
-0.6
12.79999999999997
21.400000000000034
0
5.899999999999996
6.199999999999994
2.600000000000001
1.6000000000000003
2.3000000000000007
0.30000000000000004
2.600000000000001
4.8
0.5
0.5
8.89999999999998
0.1
0.4
5.899999999999995
1.4000000000000001
3.700000000000002
6.199999999999994
7.199999999999987
1.3
0.7999999999999999
3.3000000000000016
4.999999999999998
1.3
0.4
5.399999999999997
0.5
2.400000000000001
0.09999999999999998
5.599999999999996
4.100000000000002
2.400000000000001
0.9999999999999999
1.9000000000000006
14.499999999999961
0.7
11.599999999999975
0.2999999999999999
0.30000000000000004
6.399999999999993
8.499999999999982
3.700000000000002
0.6
3.5000000000000018
5.699999999999996
7.39999999999999
7.699999999999985
4.999999999999998
1.5000000000000002
2.1000000000000005
4.300000000000001
4.1
7.999999999999988
11.199999999999973
1.2
9.799999999999981
4.5
3.3000000000000025
10.29999999999998
6.599999999999989
3.2000000000000015
0.7
6.699999999999992
10.299999999999981
4.699999999999996
0.2
11.199999999999973
1.3
6.999999999999991
0.30000000000000004
22.900000000000055
5.799999999999995
1.900000000000001
5.399999999999997
2.2000000000000015
8.899999999999984
5.199999999999994
12.89999999999997
4.100000000000001
0.7
13.199999999999966
3.900000000000002
10.59999999999998
12.999999999999966
11.299999999999972
12.999999999999966
0.30000000000000004
11.599999999999975
0.4
16.49999999999996
14.199999999999966
1.0999999999999999
0.8999999999999999
1.7000000000000004
25.90000000000011
17.09999999999997
8.599999999999982
6.699999999999992
5.999999999999995
11.399999999999974
8.299999999999986
2.3000000000000007
5.799999999999995
8.399999999999983
7.29999999999999
7.19999999999999
6.799999999999988
1.9000000000000006
3.5000000000000018
31.00000000000018
4.699999999999999
9.299999999999983
17.599999999999977
16.49999999999996
29.500000000000174
9.99999999999998
6.699999999999992
13.399999999999968
1.0999999999999999
16.799999999999965
1.5000000000000002
20.10000000000002
1.4000000000000001
3.0000000000000013
14.599999999999964
17.09999999999997
12.99999999999997
9.799999999999981
0.1
9.399999999999979
6.499999999999993
7.599999999999985
12.399999999999972
21.60000000000004
1.3
15.099999999999962
2.600000000000002
16.399999999999963
30.700000000000166
10.099999999999982
24.900000000000095
12.499999999999968
1.6000000000000003
37.800000000000296
25.50000000000009
31.70000000000019
11.399999999999975
1.700000000000001
27.700000000000138
21.500000000000032
48.30000000000044
11.199999999999976
21.600000000000055
29.700000000000166
3.700000000000002
8.099999999999987
11.699999999999974
5.499999999999997
4.000000000000002
15.599999999999957
0.5
39.200000000000294
14.79999999999996
5.299999999999997
25.50000000000009
1.8000000000000012
1.3
1.8000000000000005
1.6000000000000003
11.999999999999973
9.399999999999984
0.7
0
14.59999999999996
4.799999999999999
6.099999999999994
6.199999999999994
6.499999999999993
30.500000000000174
25.400000000000087
6.299999999999994
8.099999999999989
24.10000000000007
11.399999999999972
18.399999999999988
16.999999999999968
18.299999999999986
16.49999999999996
2.3000000000000007
32.80000000000021
23.900000000000066
2.7000000000000015
16.09999999999996
6.699999999999993
58.000000000000576
6.399999999999993
5.399999999999997
4.4
8.699999999999982
35.40000000000025
9.499999999999982
10.399999999999975
37.30000000000029
18.59999999999999
10.799999999999978
9.799999999999983
13.599999999999964
8.799999999999985
3.800000000000002
68.9000000000004
5.999999999999995
14.399999999999961
17.999999999999982
10.69999999999998
12.199999999999973
1.2
9.399999999999979
14.59999999999996
17.999999999999996
45.7000000000004
35.90000000000026
17.599999999999977
23.200000000000056
22.600000000000048
20.80000000000004
5.099999999999998
23.000000000000053
34.00000000000022
13.799999999999963
4.100000000000001
7.499999999999989
22.60000000000005
22.500000000000046
21.500000000000053
6.099999999999994
39.30000000000033
9.89999999999998
1.4000000000000001
10.899999999999977
25.0000000000001
4.100000000000001
35.10000000000026
11.699999999999974
81.09999999999962
3.4000000000000017
2.1000000000000005
4.8
11.199999999999973
14.199999999999962
41.10000000000032
0.4
10.29999999999998
2.700000000000001
3.800000000000002
8.299999999999986
34.90000000000023
13.899999999999963
10.599999999999978
2.1000000000000005
11.199999999999978
5.799999999999996
8.999999999999984
5.999999999999995
7.19999999999999
4.4
5.7999999999999945
4.000000000000002
25.900000000000095
4.799999999999995
4.100000000000001
8.299999999999986
23.90000000000008
10.699999999999974
3.5000000000000018
33.30000000000021
33.2000000000002
20.20000000000002
18.9
2.800000000000001
7.799999999999988
28.80000000000015
22.800000000000068
32.20000000000018
0.6
20.20000000000003
16.699999999999967
2.800000000000001
36.60000000000028
15.399999999999961
10.79999999999998
26.500000000000117
20.500000000000018
10.799999999999978
0.7999999999999999
6.199999999999995
19.500000000000004
1.8000000000000005
0.6
1.0999999999999999
28.700000000000134
14.099999999999966
9.899999999999977
52.9000000000005
8.999999999999984
9.499999999999982
10.19999999999998
39.200000000000315
27.20000000000013
1.8000000000000005
13.999999999999963
9.699999999999982
49.60000000000046
2.400000000000001
4.100000000000001
16.899999999999967
5.4999999999999964
8.499999999999986
14.299999999999967
43.00000000000035
70.40000000000032
6.8999999999999915
12.699999999999967
62.00000000000064
21.100000000000026
28.500000000000146
40.10000000000033
3.900000000000002
42.80000000000035
48.40000000000045
0
34.000000000000206
22.800000000000068
10.699999999999978
62.30000000000066
35.40000000000025
2.400000000000001
6.199999999999994
27.70000000000014
23.800000000000065
5.999999999999995
1.8000000000000005
23.300000000000075
29.400000000000144
5.099999999999999
15.499999999999961
4.500000000000001
49.20000000000044
27.10000000000013
23.50000000000006
3.5000000000000018
2.9000000000000012
0
7.099999999999992
34.80000000000023
9.699999999999982
23.900000000000066
13.59999999999997
1.0999999999999999
17.699999999999978
5.599999999999996
15.099999999999964
1.7000000000000004
36.700000000000266
25.700000000000113
12.399999999999968
19.3
28.60000000000015
6.999999999999991
18.59999999999999
0.6
16.699999999999964
35.30000000000025
12.69999999999997
0
47.60000000000043
1.4000000000000001
3.600000000000002
7.899999999999988
54.20000000000054
35.000000000000234
0
11.899999999999974
24.40000000000009
20.400000000000034
58.40000000000058
14.599999999999966
7.699999999999985
0.1
16.499999999999964
37.40000000000029
37.40000000000027
22.00000000000004
15.899999999999956
0.2
36.30000000000025
6.299999999999991
4.5
5.1999999999999975
25.100000000000097
12.499999999999972
10.999999999999979
0.5
6.499999999999989
20.500000000000036
8.799999999999983
1.6000000000000003
22.300000000000043
7.699999999999989
7.099999999999992
10.29999999999998
3.4000000000000026
12.69999999999997
25.700000000000106
10.899999999999979
5.899999999999995
17.399999999999974
6.799999999999992
26.800000000000107
1.7000000000000004
33.900000000000226
32.1000000000002
5.099999999999998
4.8999999999999995
14.199999999999966
8.799999999999986
10.399999999999979
61.50000000000065
15.79999999999996
2.700000000000001
3.700000000000002
2.1000000000000005
22.800000000000068
46.800000000000416
2.500000000000001
2.2000000000000006
3.6000000000000028
13.399999999999968
4.799999999999995
1.3
9.89999999999998
36.400000000000254
18.49999999999999
0
13.999999999999963
4.999999999999998
1.4000000000000001
26.10000000000011
0.9999999999999999
6.8999999999999915
25.50000000000011
7.599999999999989
6.199999999999995
4.100000000000001
0.2
29.50000000000016
4.799999999999999
1.7000000000000004
1.8000000000000005
5.399999999999997
1.9000000000000006
10.699999999999978
5.299999999999997
20.900000000000045
6.999999999999991
18.399999999999988
27.900000000000123
22.400000000000052
0.19999999999999998
2.800000000000001
10.499999999999979
17.299999999999972
15.499999999999957
13.999999999999964
14.399999999999961
6.199999999999994
19.600000000000012
8.799999999999986
10.999999999999973
5.999999999999995
50.40000000000047
20.300000000000015
29.400000000000144
14.799999999999965
68.50000000000041
8.499999999999982
29.400000000000162
16.79999999999997
21.900000000000038
51.40000000000049
16.999999999999968
39.4000000000003
17.89999999999998
13.899999999999963
10.999999999999977
3.1000000000000014
34.90000000000024
0.2
28.90000000000016
5.799999999999995
17.299999999999972
24.10000000000007
13.099999999999971
20.500000000000018
0.4
33.600000000000215
133.59999999999647
7.399999999999986
6.799999999999992
38.20000000000028
42.700000000000344
7.399999999999991
15.199999999999958
13.999999999999966
4.6
-0.30000000000000016
0.7
18.300000000000004
5.299999999999997
15.299999999999958
33.00000000000021
0.2
18.7
38.000000000000284
2.3000000000000007
36.700000000000266
47.30000000000043
33.600000000000215
33.80000000000022
54.60000000000055
40.10000000000033
18.399999999999988
12.199999999999973
1.3
1.8000000000000005
51.200000000000486
22.400000000000063
14.399999999999965
8.799999999999981
14.399999999999965
25.1000000000001
34.70000000000023
27.70000000000012
17.89999999999998
44.600000000000385
6.099999999999994
67.70000000000046
1.8000000000000005
23.00000000000007
8.399999999999986
0.5
9.89999999999998
6.499999999999993
4.6000000000000005
5.099999999999998
80.69999999999968
15.599999999999957
21.40000000000003
55.00000000000055
6.599999999999989
11.299999999999972
17.19999999999997
21.00000000000004
24.70000000000009
4.200000000000001
19.900000000000006
28.100000000000154
57.8000000000006
6.299999999999994
1.5000000000000002
30.20000000000016
7.699999999999989
4.999999999999998
13.199999999999967
10.999999999999973
0.5
15.399999999999963
0.8999999999999999
23.10000000000005
18.19999999999998
0.9999999999999999
16.999999999999968
3.600000000000002
0.2
15.19999999999996
11.499999999999975
9.599999999999982
17.399999999999974
11.899999999999972
13.099999999999966
12.89999999999997
22.00000000000004
0.5999999999999999
0.2
3.0000000000000013
30.600000000000176
7.59999999999999
7.999999999999988
1.9000000000000006
5.599999999999996
12.699999999999973
7.39999999999999
22.700000000000063
10.999999999999973
4.4
0.8999999999999999
11.99999999999997
0.6
16.699999999999964
0.4999999999999999
23.70000000000008
4.799999999999999
3.1000000000000014
15.999999999999956
8.299999999999983
18.699999999999992
0.2
10.699999999999974
2.0000000000000004
5.999999999999995
5.899999999999996
4.000000000000002
0.6
3.900000000000002
4.6
1.5000000000000002
1.2
9.699999999999978
13.399999999999965
4.5
14.499999999999961
0
4.000000000000002
8.399999999999986
0.4
9.19999999999998
2.0000000000000004
11.99999999999997
3.3000000000000016
0.6
2.600000000000001
13.099999999999966
24.100000000000076
22.40000000000006
15.499999999999957
0.8999999999999999
32.60000000000022
14.899999999999961
16.69999999999996
1.5000000000000002
4.000000000000003
0.6
15.699999999999957
18.999999999999996
5.399999999999997
12.899999999999972
6.099999999999995
9.999999999999977
4.000000000000002
6.999999999999991
21.800000000000033
38.6000000000003
16.899999999999967
5.799999999999996
5.899999999999995
6.399999999999993
4.500000000000001
10.69999999999998
7.39999999999999
5.499999999999995
5.099999999999995
0.4
17.199999999999974
3.3000000000000016
37.50000000000027
15.999999999999956
1.2
17.09999999999997
5.699999999999996
24.500000000000096
1.9000000000000006
2.0000000000000004
8.799999999999985
34.90000000000024
3.1000000000000014
0.7
3.000000000000002
1.6000000000000003
9.199999999999983
25.300000000000086
8.099999999999987
16.39999999999996
37.30000000000027
1.4000000000000001
19.90000000000003
8.799999999999985
51.800000000000495
82.89999999999954
0.8999999999999999
0.9999999999999999
10.699999999999978
4.5
30.200000000000156
3.800000000000002
40.30000000000031
2.9000000000000012
2.9000000000000012
14.699999999999964
9.499999999999982
0.4
9.29999999999998
49.80000000000045
6.599999999999993
32.6000000000002
1.8000000000000005
5.099999999999998
0.30000000000000004
20.700000000000017
0.30000000000000004
5.799999999999995
13.099999999999971
8.599999999999985
6.199999999999994
0.30000000000000004
6.699999999999993
0.30000000000000004
11.299999999999978
1.6000000000000003
36.000000000000256
3.2000000000000015
14.299999999999967
10.29999999999998
5.099999999999998
5.199999999999998
0.9999999999999999
20.200000000000014
39.5000000000003
17.59999999999998
11.799999999999976
9.899999999999977
3.2000000000000015
9.099999999999984
16.499999999999968
25.100000000000097
20.60000000000002
14.199999999999967
10.599999999999975
1.4000000000000001
9.499999999999979
15.199999999999958
1.5000000000000002
3.2000000000000015
0
58.700000000000585
43.000000000000355
1.7000000000000004
2.600000000000002
10.599999999999978
34.600000000000264
2.1000000000000005
70.50000000000024
7.29999999999999
0.7
13.899999999999963
21.20000000000003
12.199999999999969
59.60000000000061
16.899999999999967
27.500000000000117
16.89999999999997
6.699999999999993
3.700000000000002
8.299999999999986
1.5000000000000002
1.4000000000000001
21.600000000000033
53.30000000000051
0.2
29.30000000000016
4.799999999999999
10.999999999999979
57.40000000000059
7.099999999999991
3.2000000000000015
19.700000000000014
32.300000000000196
25.800000000000107
31.400000000000187
4.799999999999999
9.89999999999998
11.999999999999975
20.900000000000023
2.800000000000001
31.400000000000173
14.199999999999966
34.300000000000225
11.799999999999976
2.2000000000000006
10.799999999999974
12.299999999999972
0.1
10.299999999999981
14.399999999999961
8.499999999999986
7.799999999999985
91.49999999999898
18.49999999999999
10.09999999999998
11.699999999999976
1.7000000000000004
43.20000000000037
3.2000000000000015
1.0999999999999999
3.900000000000002
1.0999999999999999
9.499999999999979
6.5999999999999925
1.4000000000000001
13.999999999999963
3.2000000000000015
4.300000000000001
5.999999999999993
18.900000000000013
6.8999999999999915
22.300000000000043
17.899999999999988
16.199999999999964
37.00000000000026
14.799999999999965
12.199999999999969
11.499999999999972
5.599999999999996
21.800000000000036
4.200000000000001
10.49999999999998
12.699999999999967
2.700000000000001
11.79999999999997
27.200000000000113
14.399999999999967
4.000000000000002
22.100000000000062
19.200000000000017
25.400000000000105
13.799999999999963
3.1000000000000014
24.600000000000076
6.999999999999991
40.80000000000034
2.800000000000001
57.70000000000057
93.89999999999891
2.0000000000000004
7.19999999999999
7.39999999999999
22.100000000000048
36.20000000000025
39.10000000000029
12.799999999999967
11.399999999999972
16.099999999999955
13.699999999999967
2.6000000000000014
10.399999999999979
39.00000000000031
9.399999999999983
15.699999999999958
13.899999999999963
4.000000000000002
2.0000000000000004
3.900000000000002
14.999999999999963
5.499999999999995
4.200000000000001
23.50000000000006
5.099999999999998
72.10000000000022
40.00000000000033
0.7999999999999999
14.099999999999966
9.199999999999985
22.80000000000005
22.00000000000004
16.299999999999965
22.10000000000004
25.900000000000116
38.500000000000284
14.299999999999962
12.299999999999972
46.300000000000416
16.999999999999968
41.00000000000032
26.00000000000011
20.500000000000018
42.20000000000034
2.2000000000000006
1.9000000000000006
9.999999999999982
8.699999999999985
9.699999999999982
3.0000000000000013
0.4
1.9000000000000006
22.600000000000055
13.299999999999969
30.500000000000174
12.199999999999973
9.099999999999984
10.599999999999975
4.699999999999999
19.600000000000012
5.899999999999996
9.299999999999983
4.899999999999999
4.300000000000001
70.1000000000003
0.7
12.299999999999972
14.59999999999996
0.9999999999999999
11.199999999999973
31.30000000000019
54.30000000000052
0.8999999999999999
15.099999999999959
2.500000000000001
0.2
15.999999999999956
158.399999999995
35.000000000000256
50.50000000000049
0.2
16.099999999999966
2.0000000000000004
25.80000000000011
22.400000000000063
13.699999999999967
21.000000000000025
74.30000000000004
2.0000000000000004
6.099999999999994
34.300000000000225
2.400000000000001
33.000000000000206
6.999999999999991
7.999999999999984
53.8000000000005
9.499999999999982
11.299999999999972
13.999999999999966
2.3000000000000016
2.600000000000001
49.70000000000044
2.600000000000001
0.30000000000000004
16.099999999999955
1.6000000000000003
2.0000000000000004
36.90000000000026
10.399999999999979
6.2999999999999945
0.30000000000000004
8.999999999999984
48.10000000000044
45.00000000000038
36.80000000000027
29.200000000000156
2.600000000000001
0.7999999999999999
19.1
4.999999999999998
40.500000000000334
0.30000000000000004
14.499999999999961
37.90000000000028
1.3
28.900000000000155
4.6
45.70000000000041
3.0000000000000013
15.899999999999956
9.599999999999982
3.800000000000003
5.4999999999999964
2.3000000000000007
60.90000000000062
16.199999999999964
38.40000000000029
36.000000000000256
29.700000000000163
22.600000000000048
28.20000000000014
21.900000000000055
0.8999999999999999
11.999999999999973
4.7
75.99999999999994
0.6
1.2
31.20000000000017
11.199999999999978
4.999999999999998
4.599999999999997
0
7.39999999999999
11.69999999999997
36.600000000000264
8.399999999999986
13.199999999999966
16.699999999999967
20.500000000000036
45.500000000000405
3.1000000000000014
61.60000000000063
25.400000000000087
26.100000000000097
14.999999999999963
6.399999999999991
13.899999999999967
4.100000000000002
2.400000000000001
2.400000000000001
2.0000000000000004
3.3000000000000016
10.999999999999973
59.6000000000006
29.900000000000166
0.2
60.10000000000063
8.199999999999987
8.199999999999985
9.399999999999983
16.799999999999965
4.000000000000003
10.399999999999979
6.599999999999989
4.899999999999999
46.20000000000041
3.700000000000002
0.1
16.89999999999997
1.5000000000000002
2.1000000000000005
55.60000000000054
6.8999999999999915
9.399999999999979
5.4999999999999964
10.399999999999975
10.19999999999998
4.4
3.1000000000000014
6.199999999999995
16.999999999999968
17.299999999999972
47.800000000000416
16.399999999999963
61.50000000000064
38.30000000000028
1.6000000000000003
29.000000000000153
1.5000000000000002
9.099999999999984
23.10000000000006
7.699999999999989
19.800000000000008
17.999999999999982
19.600000000000005
1.2
1.8000000000000005
37.60000000000027
14.099999999999968
20.800000000000022
19.90000000000001
23.50000000000008
14.899999999999963
2.600000000000001
0.5
28.700000000000152
16.299999999999958
13.499999999999964
12.89999999999997
8.399999999999988
8.699999999999985
34.30000000000023
63.90000000000062
24.800000000000097
39.300000000000296
2.9000000000000012
5.799999999999992
36.20000000000026
3.5000000000000018
24.50000000000008
30.30000000000018
20.100000000000012
17.299999999999972
12.499999999999968
4.300000000000001
5.299999999999997
2.1000000000000005
0.5
0.9999999999999999
8.899999999999986
4.100000000000001
2.9000000000000012
58.000000000000576
2.900000000000002
18.699999999999996
7.999999999999988
14.199999999999962
41.70000000000034
4.799999999999999
2.600000000000001
5.299999999999995
0.4
19.600000000000023
1.6000000000000003
15.499999999999957
11.099999999999977
18.899999999999995
13.599999999999964
25.900000000000095
12.299999999999972
8.299999999999986
9.599999999999984
39.200000000000294
3.5000000000000018
38.40000000000028
30.90000000000018
20.60000000000002
25.100000000000083
9.89999999999998
64.00000000000065
42.30000000000035
5.1999999999999975
1.8000000000000005
0
1.6000000000000003
27.900000000000137
6.8999999999999915
2.1000000000000005
8.899999999999983
24.30000000000007
27.300000000000114
1.9000000000000006
31.500000000000192
16.79999999999997
7.499999999999986
40.30000000000033
10.699999999999978
7.099999999999992
6.499999999999993
1.3
4.300000000000001
12.699999999999973
27.200000000000127
5.099999999999998
18.59999999999999
2.0000000000000004
6.8999999999999915
0.1
41.80000000000035
37.9000000000003
6.099999999999994
10.599999999999978
11.899999999999975
28.000000000000124
27.80000000000014
4.200000000000001
18.29999999999999
64.10000000000068
130.39999999999665
1.3
33.50000000000021
1.9000000000000006
7.999999999999988
25.40000000000011
1.3
5.799999999999995
8.399999999999983
18.099999999999987
29.500000000000146
7.799999999999989
13.699999999999964
4.4
4.200000000000001
2.700000000000001
11.499999999999977
19.600000000000005
0.6
0.6
19.600000000000005
60.40000000000061
24.9000000000001
16.49999999999996
19.30000000000001
26.500000000000107
24.30000000000007
2.5000000000000018
14.199999999999966
4.200000000000001
23.60000000000008
24.80000000000008
18.899999999999995
26.4000000000001
0.5999999999999999
9.499999999999982
29.50000000000016
12.499999999999972
46.30000000000041
15.999999999999956
6.399999999999993
8.399999999999986
3.2000000000000024
3.600000000000002
13.599999999999968
27.90000000000014
0.7999999999999999
11.599999999999971
4.300000000000001
9.899999999999977
0.9999999999999999
15.59999999999996
19.50000000000002
7.899999999999988
21.900000000000038
0.7
22.900000000000052
2.800000000000001
18.19999999999999
4.699999999999999
11.099999999999977
3.3000000000000016
0.7999999999999999
38.80000000000031
15.299999999999962
1.3
14.599999999999964
21.00000000000003
0.6000000000000001
3.800000000000002
25.200000000000085
14.79999999999996
10.599999999999978
21.300000000000036
4.6
0.9999999999999999
14.59999999999996
30.500000000000178
39.8000000000003
31.300000000000193
18.999999999999996
8.999999999999984
0.9999999999999999
19.800000000000026
36.80000000000028
41.900000000000354
3.2000000000000015
1.7000000000000004
82.69999999999955
23.50000000000006
15.299999999999958
2.600000000000001
28.700000000000134
2.600000000000001
6.399999999999993
21.700000000000035
0.2
10.699999999999974
45.80000000000039
9.799999999999983
12.09999999999997
21.200000000000045
38.500000000000284
3.3000000000000016
3.4000000000000017
10.899999999999974
7.19999999999999
4.999999999999998
55.000000000000554
12.199999999999973
13.399999999999965
30.600000000000176
39.200000000000315
52.10000000000051
71.90000000000018
8.099999999999987
2.400000000000001
21.100000000000026
22.800000000000054
26.000000000000114
50.40000000000047
9.199999999999983
7.099999999999991
38.2000000000003
21.900000000000045
41.60000000000033
3.900000000000002
15.599999999999962
25.3000000000001
39.900000000000325
1.3
5.099999999999998
22.200000000000042
0.7999999999999999
43.60000000000038
29.100000000000158
8.89999999999998
10.599999999999978
11.399999999999972
36.00000000000025
1.9000000000000006
4.100000000000001
0.7
22.80000000000005
2.600000000000002
30.800000000000182
26.60000000000012
7.799999999999988
11.299999999999972
20.800000000000022
12.79999999999997
41.300000000000345
5.899999999999995
0.2
4.200000000000001
23.400000000000073
3.700000000000002
4.5
21.200000000000028
12.199999999999969
10.09999999999998
6.699999999999989
0.4
0.4
4.999999999999998
10.599999999999975
20.300000000000033
8.899999999999984
12.199999999999969
1.8000000000000005
2.0000000000000004
36.00000000000025
12.699999999999967
45.0000000000004
4.6
5.399999999999997
57.50000000000059
9.799999999999981
30.90000000000018
18.199999999999985
2.0000000000000004
14.69999999999996
0.6
13.899999999999967
4.8
2.2000000000000006
81.19999999999962
16.299999999999958
12.399999999999972
1.9000000000000006
21.00000000000004
39.7000000000003
30.300000000000157
19.100000000000016
29.100000000000158
4.100000000000001
17.19999999999997
8.99999999999998
21.800000000000047
6.8999999999999915
6.099999999999994
5.699999999999996
5.1999999999999975
3.4000000000000017
10.599999999999977
22.200000000000042
28.00000000000014
0.7999999999999999
6.099999999999994
88.89999999999912
7.899999999999988
24.400000000000073
29.500000000000163
14.299999999999962
0.4
10.399999999999979
11.499999999999977
27.300000000000114
40.00000000000033
8.899999999999984
0.1
18.099999999999984
13.999999999999963
0.5
4.000000000000002
0.4
25.00000000000008
1.0999999999999999
24.300000000000093
11.499999999999975
38.40000000000029
29.400000000000166
0.5
56.00000000000055
6.5999999999999925
0.7
6.899999999999992
3.0000000000000013
21.100000000000026
29.000000000000153
36.10000000000026
0.8000000000000002
18.499999999999993
22.500000000000064
2.400000000000001
6.299999999999994
2.2000000000000006
41.600000000000335
87.09999999999931
14.499999999999961
2.1000000000000005
9.399999999999979
21.700000000000053
15.499999999999961
42.30000000000036
8.399999999999986
23.900000000000066
42.30000000000036
13.299999999999969
22.900000000000073
4.6
39.5000000000003
0.5
5.699999999999996
19.700000000000006
67.70000000000039
44.9000000000004
49.80000000000046
53.200000000000514
95.19999999999885
15.499999999999961
2.8000000000000016
21.40000000000005
2.600000000000001
3.5000000000000018
45.10000000000039
34.400000000000226
2.500000000000001
1.8000000000000005
14.499999999999961
51.40000000000048
2.700000000000001
18.49999999999999
42.50000000000034
3.900000000000002
34.40000000000023
36.70000000000026
9.29999999999998
48.800000000000445
18.199999999999985
37.800000000000274
6.999999999999988
1.0999999999999999
20.600000000000033
2.2000000000000006
36.20000000000025
38.30000000000028
23.700000000000063
29.300000000000157
27.60000000000012
18.39999999999999
4.999999999999999
14.399999999999965
5.299999999999997
17.599999999999977
7.39999999999999
5.099999999999998
5.799999999999995
68.4000000000004
2.900000000000002
12.099999999999973
19.1
9.49999999999998
5.599999999999996
68.20000000000039
7.29999999999999
23.000000000000053
26.20000000000012
9.99999999999998
20.200000000000014
1.6000000000000003
23.200000000000077
21.000000000000032
25.60000000000009
0.4
6.29999999999999
10.999999999999977
6.699999999999992
19.500000000000025
19.30000000000002
22.400000000000063
60.000000000000604
2.3000000000000007
9.09999999999998
12.69999999999997
8.599999999999982
1.2
1.4000000000000001
80.09999999999968
2.9000000000000012
6.799999999999988
21.30000000000003
35.40000000000024
39.4000000000003
5.1999999999999975
8.799999999999981
7.29999999999999
7.499999999999989
31.00000000000019
49.30000000000045
6.699999999999992
43.70000000000036
26.90000000000013
22.00000000000004
0
3.600000000000002
46.800000000000416
8.899999999999984
21.500000000000046
21.700000000000053
8.299999999999986
14.69999999999996
4.899999999999999
28.80000000000015
22.600000000000048
9.699999999999982
0.9000000000000002
0
6.499999999999993
9.799999999999981
6.999999999999992
4.5
52.300000000000495
1.7000000000000004
11.099999999999973
18.70000000000001
15.099999999999962
15.299999999999963
23.40000000000006
2.300000000000001
57.100000000000584
20.400000000000034
21.600000000000033
6.699999999999992
14.59999999999996
8.099999999999987
35.300000000000246
72.20000000000022
5.799999999999996
21.200000000000028
9.799999999999981
4.000000000000003
16.499999999999964
58.1000000000006
59.4000000000006
6.799999999999988
1.0999999999999999
15.99999999999996
0.5
1.900000000000001
12.199999999999973
3.800000000000002
4.8999999999999995
20.200000000000017
10.399999999999979
17.59999999999998
21.300000000000043
8.199999999999987
18.699999999999992
1.4000000000000001
19.90000000000001
11.299999999999972
2.800000000000001
12.699999999999967
0.7
0.6
1.3
34.90000000000023
19.2
28.000000000000124
23.000000000000057
33.50000000000021
4.6
27.100000000000126
14.499999999999961
16.79999999999997
104.59999999999826
49.40000000000045
15.199999999999958
25.600000000000104
11.499999999999975
52.5000000000005
2.400000000000001
2.600000000000001
6.699999999999992
10.799999999999974
51.60000000000049
1.7000000000000004
3.6000000000000028
2.3000000000000007
2.500000000000001
21.900000000000038
6.299999999999992
5.399999999999997
3.600000000000002
6.999999999999991
25.70000000000011
138.79999999999617
8.699999999999985
13.699999999999964
28.50000000000013
19.700000000000006
0.8999999999999999
14.799999999999965
3.0000000000000013
3.600000000000002
10.999999999999977
1.6000000000000003
6.39999999999999
3.1000000000000014
15.89999999999996
21.50000000000005
6.299999999999994
16.999999999999968
8.999999999999984
0.3999999999999999
25.1000000000001
3.800000000000002
6.2999999999999945
8.099999999999987
7.2999999999999865
5.299999999999997
6.199999999999994
41.50000000000034
0.7
22.400000000000045
65.80000000000058
28.500000000000146
24.700000000000077
22.30000000000006
20.60000000000002
5.499999999999996
29.700000000000166
33.30000000000021
12.599999999999968
5.699999999999996
12.09999999999997
11.79999999999997
18.59999999999999
8.199999999999987
6.399999999999994
23.800000000000065
10.599999999999975
26.500000000000103
41.30000000000033
8.099999999999984
6.199999999999994
17.19999999999997
64.60000000000062
10.899999999999977
0
28.80000000000015
18.299999999999986
7.29999999999999
1.8000000000000005
2.0000000000000004
9.399999999999983
4.300000000000001
3.3000000000000016
5.699999999999996
13.899999999999963
3.700000000000002
77.59999999999984
4.899999999999999
40.10000000000031
77.89999999999988
8.499999999999988
6.299999999999994
14.399999999999967
34.300000000000225
12.499999999999968
6.199999999999994
15.399999999999958
25.100000000000083
13.799999999999969
0.7
23.200000000000056
40.80000000000034
44.50000000000039
18.799999999999994
2.2000000000000006
6.299999999999994
55.400000000000546
10.799999999999978
57.300000000000566
1.2
10.199999999999976
12.899999999999967
7.099999999999991
4.899999999999999
1.0999999999999999
6.599999999999993
8.899999999999984
22.300000000000043
18.300000000000008
0.1
36.400000000000276
35.40000000000025
1.5000000000000002
23.60000000000008
19.800000000000008
9.799999999999978
2.2000000000000006
4.300000000000001
1.2
2.1000000000000005
37.800000000000274
42.40000000000035
0.5
4.000000000000002
6.199999999999994
2.500000000000001
0.5
26.600000000000104
43.800000000000374
3.2000000000000015
30.40000000000016
27.50000000000014
4.200000000000001
45.400000000000404
27.000000000000124
21.600000000000033
7.099999999999991
0.2
20.900000000000045
2.3000000000000007
75.79999999999994
3.900000000000002
31.50000000000019
23.40000000000006
28.10000000000014
39.7000000000003
32.4000000000002
3.2000000000000015
15.299999999999958
3.600000000000002
14.99999999999996
17.09999999999997
63.70000000000066
5.899999999999994
5.4999999999999964
13.299999999999965
69.0000000000004
4.200000000000002
13.199999999999969
3.5000000000000027
15.399999999999961
10.69999999999998
5.299999999999997
59.300000000000615
21.200000000000028
26.000000000000096
9.39999999999998
16.599999999999962
0.6
48.200000000000436
2.1000000000000005
25.400000000000087
13.499999999999964
25.200000000000085
4.000000000000003
54.80000000000055
67.60000000000048
26.300000000000114
22.500000000000064
0.6
16.899999999999967
1.8000000000000005
22.500000000000046
44.00000000000036
1.6000000000000003
12.499999999999973
6.699999999999992
31.300000000000193
44.600000000000385
18.60000000000001
12.79999999999997
5.299999999999997
5.799999999999995
9.499999999999982
11.699999999999976
22.00000000000004
5.899999999999995
20.200000000000017
7.19999999999999
9.599999999999982
17.199999999999978
30.800000000000185
7.19999999999999
57.90000000000058
2.7000000000000015
45.600000000000406
6.699999999999992
1.6000000000000003
48.70000000000045
1.6000000000000003
25.500000000000107
27.200000000000113
6.799999999999992
8.799999999999985
10.699999999999974
7.099999999999991
13.499999999999964
11.599999999999975
55.60000000000055
5.799999999999992
10.499999999999979
7.199999999999987
28.300000000000146
9.499999999999982
12.599999999999971
0.7999999999999999
13.699999999999964
42.90000000000035
44.90000000000039
13.799999999999967
16.69999999999997
3.1000000000000014
6.5999999999999925
51.20000000000048
34.600000000000236
3.900000000000003
7.799999999999988
4.100000000000001
15.599999999999962
8.399999999999983
26.800000000000107
6.799999999999992
55.00000000000054
10.79999999999998
9.799999999999978
35.00000000000024
3.900000000000003
23.300000000000075
7.999999999999988
25.90000000000011
22.90000000000007
12.299999999999969
13.799999999999967
16.699999999999964
0.2
25.800000000000093
5.4999999999999964
1.5000000000000002
18.899999999999995
6.999999999999991
4.099999999999998
14.799999999999963
3.2000000000000015
13.29999999999997
18.999999999999996
0.4
24.30000000000007
37.10000000000027
8.499999999999988
30.40000000000016
24.100000000000087
23.40000000000006
11.499999999999972
10.599999999999978
53.40000000000051
37.00000000000026
16.699999999999964
62.800000000000644
2.0000000000000004
12.499999999999973
5.599999999999996
26.700000000000127
38.30000000000028
21.100000000000026
0.30000000000000004
2.0000000000000004
15.499999999999957
14.199999999999962
3.0000000000000013
9.799999999999981
32.2000000000002
41.60000000000033
28.300000000000146
6.8999999999999915
3.900000000000002
7.099999999999992
1.6000000000000003
16.799999999999965
14.299999999999965
19.50000000000002
10.899999999999977
2.1000000000000005
7.499999999999987
45.9000000000004
23.900000000000066
16.199999999999964
1.3
21.90000000000004
28.50000000000015
4.200000000000001
13.399999999999965
10.599999999999975
2.700000000000001
12.199999999999973
53.70000000000052
57.200000000000564
28.70000000000015
55.40000000000054
37.20000000000028
0
10.799999999999978
13.699999999999964
18.099999999999984
35.50000000000024
0
8.399999999999986
46.40000000000041
26.800000000000107
20.00000000000001
12.299999999999969
52.00000000000049
22.500000000000064
9.099999999999984
3.600000000000002
10.499999999999979
5.899999999999995
14.199999999999967
25.800000000000107
6.5999999999999925
0.6
4.4
4.6
54.000000000000526
9.699999999999978
9.89999999999998
1.9000000000000006
10.39999999999998
23.40000000000006
19.600000000000005
10.899999999999974
5.599999999999996
13.099999999999966
24.400000000000073
24.900000000000095
27.20000000000013
13.199999999999966
40.50000000000033
10.29999999999998
3.1000000000000023
10.09999999999998
9.599999999999978
6.799999999999992
14.299999999999962
0
143.99999999999588
29.10000000000016
4.5
5.299999999999997
55.400000000000546
33.60000000000022
32.7000000000002
3.900000000000002
33.10000000000021
7.599999999999989
36.70000000000026
6.39999999999999
28.200000000000145
5.999999999999995
3.2000000000000015
5.999999999999995
80.59999999999965
27.40000000000013
3.600000000000002
6.399999999999993
16.599999999999962
0.6
2.3000000000000007
8.699999999999982
9.599999999999982
5.1999999999999975
0.30000000000000004
32.90000000000021
26.80000000000012
38.300000000000296
10.09999999999998
32.300000000000196
8.599999999999985
0.6
14.799999999999965
0.4
2.9000000000000012
6.699999999999993
2.700000000000001
24.000000000000068
77.69999999999989
16.99999999999997
14.499999999999964
28.00000000000014
7.699999999999989
25.200000000000085
11.499999999999977
10.499999999999979
1.6000000000000003
20.400000000000034
41.500000000000334
4.899999999999999
38.90000000000029
10.399999999999977
35.50000000000024
12.599999999999971
25.50000000000011
0.30000000000000004
13.299999999999969
64.10000000000068
11.399999999999975
2.3000000000000007
22.20000000000006
6.499999999999993
16.29999999999996
6.799999999999992
12.099999999999973
25.4000000000001
40.20000000000033
0.4
3.1000000000000014
31.000000000000167
2.0000000000000004
23.70000000000008
56.500000000000554
6.699999999999992
2.2000000000000006
13.099999999999971
56.10000000000055
20.70000000000002
20.50000000000002
3.800000000000003
1.5000000000000002
25.00000000000008
5.299999999999994
30.00000000000017
24.000000000000068
1.2
0.7
0.2
14.999999999999963
0
17.499999999999982
21.800000000000036
14.899999999999965
36.60000000000026
4.5
16.899999999999974
85.79999999999939
25.60000000000009
11.99999999999997
13.499999999999964
24.100000000000087
0.4
0.9999999999999999
67.10000000000048
8.899999999999984
13.599999999999964
20.700000000000024
71.60000000000016
15.099999999999962
32.90000000000021
2.0000000000000004
18.59999999999999
23.000000000000053
22.70000000000007
49.00000000000045
4.300000000000001
2.0000000000000004
41.50000000000035
45.90000000000039
4.5
32.90000000000021
29.50000000000016
28.000000000000124
46.60000000000041
21.600000000000033
10.899999999999977
20.90000000000004
17.099999999999973
11.699999999999974
0.7
6.299999999999994
38.3000000000003
12.599999999999971
45.4000000000004
23.200000000000074
11.099999999999977
23.600000000000083
31.000000000000167
20.20000000000002
10.79999999999998
24.700000000000077
25.300000000000104
24.800000000000093
0.30000000000000004
2.600000000000001
29.200000000000156
25.900000000000098
8.299999999999986
6.999999999999991
2.500000000000001
3.4000000000000017
19.3
1.3
4.799999999999997
109.49999999999798
22.200000000000063
65.30000000000061
22.200000000000042
6.799999999999992
44.20000000000039
40.30000000000031
9.29999999999998
74.50000000000009
16.69999999999997
19.100000000000005
20.000000000000018
14.799999999999965
14.399999999999961
4.100000000000001
0.5
16.999999999999968
3.4000000000000017
8.199999999999989
6.799999999999992
15.599999999999957
28.700000000000134
4.4
8.199999999999987
10.999999999999973
37.30000000000027
6.199999999999994
1.7000000000000004
21.700000000000035
0.6
4.400000000000001
30.400000000000176
10.999999999999973
79.6999999999997
20.70000000000002
7.399999999999986
21.300000000000047
0.7
27.200000000000113
39.4000000000003
15.899999999999956
59.8000000000006
20.500000000000018
2.400000000000001
9.299999999999985
41.10000000000032
27.900000000000137
2.400000000000001
20.100000000000012
0.4
0
11.999999999999973
75.50000000000003
31.100000000000186
7.39999999999999
2.1000000000000005
4.799999999999999
12.199999999999969
20.80000000000004
7.599999999999989
3.600000000000002
18.699999999999992
29.300000000000157
4.699999999999999
15.699999999999957
7.799999999999988
10.099999999999982
12.699999999999967
11.799999999999974
10.899999999999974
25.100000000000083
44.900000000000375
2.1000000000000005
2.3000000000000007
9.99999999999998
18.59999999999999
0.4
2.3000000000000007
41.50000000000035
1.2
8.499999999999986
18.999999999999996
84.19999999999943
6.099999999999994
24.700000000000077
14.499999999999961
20.300000000000015
3.800000000000002
8.299999999999985
18.999999999999996
23.200000000000056
28.500000000000146
0.9999999999999999
2.9000000000000012
17.89999999999998
7.499999999999989
18.699999999999992
0.7
15.499999999999957
28.600000000000133
12.099999999999975
1.5000000000000002
12.399999999999968
15.799999999999956
0.30000000000000004
6.099999999999994
23.700000000000063
43.60000000000038
8.499999999999986
6.099999999999994
28.20000000000015
37.70000000000027
13.399999999999965
2.9000000000000012
14.799999999999963
17.099999999999973
16.69999999999997
43.50000000000038
13.499999999999968
4.400000000000001
6.799999999999992
50.900000000000475
56.90000000000056
13.199999999999969
0.7999999999999998
24.000000000000085
9.199999999999983
6.099999999999995
8.499999999999986
1.4000000000000001
10.299999999999976
24.20000000000007
46.100000000000406
18.80000000000001
17.899999999999984
0.2
0.8999999999999999
18.300000000000004
4.100000000000001
12.299999999999972
4.000000000000003
3.0000000000000013
41.00000000000032
15.399999999999958
8.499999999999986
6.099999999999991
12.99999999999997
101.69999999999841
5.599999999999996
13.799999999999963
2.800000000000001
31.90000000000019
0.30000000000000004
0.30000000000000004
10.599999999999978
11.199999999999973
6.299999999999994
11.69999999999997
1.2
65.10000000000059
4.100000000000001
2.3000000000000016
5.699999999999996
0.9999999999999999
10.899999999999977
5.4999999999999964
0.2
18.49999999999999
9.199999999999983
7.999999999999984
10.899999999999977
11.099999999999973
7.799999999999988
47.000000000000426
2.400000000000001
33.20000000000021
16.59999999999997
3.2000000000000015
1.0999999999999999
13.099999999999966
4.699999999999999
19.2
3.1000000000000014
14.199999999999962
33.40000000000021
23.300000000000058
0.5
44.90000000000039
1.7000000000000004
74.79999999999998
10.599999999999978
4.100000000000001
5.1999999999999975
13.499999999999968
17.59999999999998
16.499999999999968
28.400000000000148
48.30000000000042
16.399999999999967
5.799999999999992
5.799999999999995
2.600000000000001
10.099999999999977
23.900000000000084
11.899999999999974
3.800000000000003
2.0000000000000004
29.90000000000015
9.399999999999984
1.2
98.29999999999862
1.5000000000000002
13.799999999999967
2.900000000000002
6.499999999999993
14.299999999999962
23.000000000000053
18.49999999999999
1.4000000000000001
0.7999999999999999
12.999999999999966
28.800000000000136
8.699999999999982
46.7000000000004
2.700000000000001
1.4000000000000001
4.200000000000002
54.400000000000524
7.699999999999989
1.8000000000000005
4.300000000000001
19.700000000000006
2.3000000000000007
53.70000000000052
106.39999999999814
12.199999999999969
67.80000000000048
1.3
8.199999999999987
1.5000000000000002
24.00000000000009
0
30.70000000000017
88.59999999999923
8.899999999999984
14.699999999999966
12.999999999999966
4.699999999999999
8.299999999999983
13.999999999999966
9.899999999999983
11.099999999999977
30.500000000000178
6.799999999999988
64.90000000000063
4.000000000000002
39.7000000000003
5.399999999999993
4.4
7.099999999999991
10.999999999999973
0.30000000000000004
12.099999999999973
6.199999999999995
5.599999999999996
19.3
8.199999999999983
3.900000000000002
44.00000000000036
2.500000000000001
62.800000000000644
39.900000000000325
18.600000000000005
8.999999999999984
11.199999999999973
10.499999999999979
45.5000000000004
37.40000000000027
0.1
21.300000000000033
3.1000000000000014
34.10000000000022
7.799999999999988
5.499999999999993
17.49999999999998
33.70000000000022
1.6000000000000003
12.69999999999997
37.50000000000027
2.600000000000001
43.00000000000035
17.099999999999977
13.899999999999967
4.699999999999999
5.999999999999994
9.99999999999998
18.699999999999992
33.10000000000021
48.900000000000446
3.1000000000000014
23.600000000000065
29.400000000000144
4.799999999999999
25.60000000000009
69.70000000000029
11.799999999999974
15.299999999999963
3.700000000000002
17.099999999999977
7.099999999999992
5.799999999999995
2.800000000000001
9.29999999999998
36.00000000000025
26.900000000000126
5.299999999999997
8.799999999999986
31.900000000000194
11.899999999999974
17.89999999999998
32.8000000000002
12.099999999999975
0.30000000000000004
35.700000000000244
24.000000000000068
14.299999999999962
27.10000000000011
9.699999999999983
10.599999999999975
8.899999999999984
2.700000000000001
22.30000000000006
6.199999999999994
40.40000000000031
4.000000000000002
6.699999999999993
4.200000000000001
16.199999999999957
12.399999999999972
34.00000000000023
7.099999999999992
39.200000000000294
8.699999999999985
11.299999999999974
1.6000000000000003
14.69999999999996
26.600000000000104
4.200000000000001
1.6000000000000003
11.499999999999975
0
34.50000000000023
19.500000000000004
17.09999999999997
22.80000000000005
9.199999999999985
6.299999999999994
4.6
6.299999999999994
4.000000000000002
40.200000000000315
5.299999999999998
25.50000000000009
8.89999999999998
19.3
12.69999999999997
4.300000000000002
4.200000000000001
3.0000000000000013
33.40000000000021
0.30000000000000004
35.100000000000236
109.19999999999791
3.900000000000002
10.699999999999974
11.899999999999974
3.5000000000000018
3.0000000000000013
5.799999999999995
3.700000000000002
0.5
14.099999999999968
44.70000000000037
8.599999999999985
9.299999999999985
6.499999999999993
4.4
9.199999999999983
19.400000000000002
5.299999999999997
15.599999999999957
36.200000000000266
14.799999999999963
7.49999999999999
18.099999999999984
47.20000000000041
49.10000000000045
48.10000000000044
23.600000000000062
19.400000000000006
14.79999999999996
24.900000000000077
14.79999999999996
14.999999999999964
0.7999999999999999
10.599999999999975
17.499999999999982
23.000000000000053
13.299999999999965
50.70000000000047
3.900000000000002
3.800000000000002
13.799999999999963
9.09999999999998
22.300000000000043
1.7000000000000004
3.2000000000000015
20.700000000000028
30.300000000000175
23.50000000000006
43.60000000000038
5.1999999999999975
34.90000000000023
0.6
8.599999999999982
18.199999999999985
29.10000000000014
5.1999999999999975
29.400000000000162
17.299999999999972
17.299999999999972
10.899999999999974
5.4999999999999964
7.39999999999999
13.399999999999965
14.59999999999996
17.999999999999982
31.900000000000194
7.39999999999999
7.599999999999989
1.0999999999999999
33.60000000000023
12.99999999999997
23.20000000000006
11.099999999999973
23.200000000000074
1.5000000000000002
6.399999999999993
16.099999999999962
24.700000000000095
10.29999999999998
20.400000000000016
25.500000000000107
26.600000000000104
18.999999999999996
22.700000000000063
5.599999999999996
14.299999999999962
45.600000000000406
6.199999999999994
7.099999999999991
25.400000000000087
35.20000000000024
0.7
22.70000000000005
5.599999999999997
5.599999999999996
23.700000000000063
3.5000000000000027
5.4999999999999964
8.599999999999985
8.399999999999984
25.200000000000102
6.199999999999994
30.100000000000172
9.89999999999998
21.500000000000053
37.700000000000294
4.4
2.3000000000000007
45.90000000000039
30.200000000000177
29.000000000000153
26.3000000000001
8.799999999999983
13.599999999999964
2.600000000000001
2.3000000000000007
12.09999999999997
8.099999999999987
0.2
12.799999999999967
21.300000000000047
23.700000000000063
6.599999999999989
25.70000000000011
2.600000000000001
15.699999999999957
35.100000000000236
13.399999999999965
15.999999999999956
41.00000000000032
36.60000000000026
5.099999999999998
1.6000000000000003
22.100000000000062
0.30000000000000004
26.40000000000012
18.49999999999999
12.499999999999968
0.2
50.000000000000455
34.10000000000023
3.3000000000000025
18.500000000000007
0.7999999999999999
7.099999999999991
15.699999999999957
17.399999999999974
0.1
18.49999999999999
2.2000000000000006
26.80000000000013
0.4
17.19999999999997
16.799999999999965
5.799999999999995
1.5000000000000002
0
1.8000000000000005
29.900000000000173
59.10000000000059
2.500000000000001
47.40000000000042
17.39999999999998
1.5000000000000002
5.199999999999998
13.599999999999968
2.0000000000000013
16.399999999999977
2.600000000000001
10.799999999999978
6.29999999999999
16.899999999999967
16.699999999999974
11.499999999999975
37.200000000000266
39.40000000000032
6.799999999999992
34.50000000000024
4.4
4.300000000000001
25.300000000000086
5.599999999999996
1.2
5.299999999999997
3.700000000000002
16.299999999999958
11.099999999999973
7.39999999999999
8.799999999999985
26.40000000000012
20.800000000000022
16.399999999999963
4.400000000000001
13.199999999999966
41.10000000000032
1.6000000000000005
37.800000000000274
21.500000000000032
5.799999999999995
17.499999999999982
7.299999999999991
54.400000000000524
22.300000000000043
0
27.100000000000126
0.5
4.000000000000002
9.699999999999982
4.100000000000002
29.10000000000014
16.099999999999955
1.0999999999999999
11.399999999999972
14.099999999999962
6.799999999999992
41.20000000000032
5.4999999999999964
9.999999999999982
0.2
11.89999999999997
15.69999999999996
64.10000000000068
81.59999999999965
9.199999999999983
7.19999999999999
16.59999999999997
2.1000000000000005
10.899999999999979
21.700000000000035
14.89999999999996
2.1000000000000005
10.799999999999974
13.199999999999969
0.1
27.100000000000133
7.099999999999991
67.60000000000046
9.299999999999983
15.499999999999963
18.999999999999996
9.699999999999978
0.6
19.600000000000005
37.40000000000027
3.800000000000002
27.200000000000127
62.700000000000664
47.500000000000426
24.500000000000092
4.799999999999999
6.299999999999994
31.800000000000196
17.599999999999977
32.5000000000002
8.899999999999984
39.100000000000314
68.7000000000004
3.1000000000000023
6.699999999999992
20.60000000000002
31.70000000000019
67.10000000000048
36.600000000000264
8.599999999999987
3.4000000000000017
1.5000000000000002
55.100000000000534
47.10000000000042
15.299999999999962
15.299999999999963
32.5000000000002
13.699999999999964
28.40000000000013
1.8000000000000005
22.00000000000006
4.5
4.200000000000001
9.399999999999983
15.89999999999996
80.79999999999967
10.19999999999998
58.80000000000059
11.199999999999976
12.299999999999969
7.799999999999988
6.5999999999999925
11.299999999999978
4.999999999999998
27.30000000000013
8.599999999999985
3.4000000000000017
8.999999999999984
3.700000000000002
10.899999999999974
4.799999999999999
12.199999999999973
11.699999999999974
15.699999999999957
64.30000000000064
8.199999999999989
26.4000000000001
15.699999999999957
53.700000000000514
0.5
12.999999999999966
0.4
17.19999999999999
21.50000000000005
12.299999999999972
8.399999999999988
4.100000000000001
29.800000000000164
29.700000000000163
31.30000000000017
11.099999999999978
45.10000000000038
26.100000000000115
0.2
5.999999999999995
4.899999999999995
14.699999999999964
3.0000000000000013
16.79999999999997
5.299999999999998
14.199999999999966
18.599999999999998
5.899999999999996
2.800000000000001
5.699999999999996
5.499999999999995
20.10000000000003
27.800000000000132
1.3
9.899999999999977
0.7999999999999999
9.89999999999998
4.999999999999999
6.8999999999999915
11.69999999999997
11.699999999999974
10.199999999999978
23.200000000000056
6.399999999999993
11.299999999999978
12.999999999999966
12.99999999999997
25.800000000000114
15.599999999999957
47.100000000000406
18.9
16.499999999999964
5.8999999999999915
9.399999999999983
32.8000000000002
0.7
46.200000000000394
35.800000000000246
8.499999999999982
1.0999999999999999
26.600000000000104
15.599999999999957
0.5
8.499999999999986
58.500000000000604
15.99999999999997
5.1999999999999975
19.3
38.70000000000029
8.299999999999986
20.000000000000014
27.800000000000143
59.7000000000006
2.500000000000001
5.299999999999997
1.700000000000001
27.300000000000132
5.399999999999997
14.499999999999961
15.599999999999957
2.1000000000000005
25.50000000000009
1.3
15.299999999999963
4.799999999999995
66.60000000000053
32.200000000000195
0.6
9.199999999999983
24.800000000000093
17.799999999999983
10.399999999999979
25.400000000000087
0.2
21.000000000000046
12.99999999999997
1.7000000000000004
18.199999999999992
7.39999999999999
31.60000000000019
55.000000000000554
10.599999999999978
0.7
19.800000000000008
0.4
4.300000000000001
0.4
3.1000000000000023
9.89999999999998
1.4000000000000001
0.9999999999999999
12.799999999999969
17.79999999999998
11.299999999999972
1.9000000000000006
12.199999999999973
8.89999999999998
55.40000000000054
3.900000000000002
2.2000000000000006
15.299999999999958
26.90000000000011
48.800000000000445
33.80000000000022
9.599999999999982
4.100000000000001
2.5000000000000018
26.600000000000122
0.7
15.699999999999957
7.599999999999989
28.400000000000144
77.59999999999982
27.00000000000011
2.3000000000000007
15.89999999999996
5.4999999999999964
39.300000000000296
7.599999999999989
47.400000000000425
15.299999999999958
5.399999999999997
51.30000000000048
2.0000000000000004
36.80000000000026
46.7000000000004
7.199999999999987
9.89999999999998
38.40000000000028
18.49999999999999
4.100000000000001
49.50000000000046
13.499999999999964
35.30000000000024
19.70000000000001
9.499999999999982
4.699999999999999
24.500000000000092
3.600000000000002
4.5
6.799999999999988
14.799999999999963
22.60000000000007
10.799999999999978
5.999999999999995
4.4
22.600000000000048
16.099999999999955
12.199999999999973
32.400000000000205
18.199999999999985
17.499999999999975
24.30000000000007
14.799999999999965
49.20000000000045
3.3000000000000016
38.80000000000029
3.3000000000000016
4.699999999999999
6.899999999999992
3.900000000000002
94.89999999999878
2.600000000000001
12.09999999999997
62.40000000000064
1.0999999999999999
29.700000000000163
20.60000000000002
4.999999999999998
10.699999999999974
17.09999999999997
5.699999999999996
17.299999999999972
9.399999999999983
11.399999999999977
43.20000000000035
5.1999999999999975
23.70000000000008
10.899999999999977
26.700000000000127
0.30000000000000004
21.700000000000035
49.600000000000456
0.8999999999999999
51.800000000000495
34.600000000000236
48.40000000000044
60.800000000000615
2.3000000000000007
2.500000000000001
2.9000000000000012
28.500000000000153
16.599999999999962
7.499999999999989
4.300000000000001
19.80000000000003
34.500000000000234
4.000000000000003
40.80000000000034
2.700000000000001
15.999999999999956
20.800000000000022
0.2
6.199999999999994
15.099999999999959
4.4
29.60000000000016
16.899999999999967
15.89999999999996
18.39999999999999
0.8999999999999999
55.100000000000556
17.099999999999973
4.500000000000001
11.399999999999975
22.90000000000007
41.70000000000035
15.299999999999958
20.400000000000034
30.300000000000168
95.19999999999884
7.09999999999999
0.9999999999999999
10.699999999999978
36.20000000000026
45.7000000000004
20.300000000000026
1.8000000000000005
28.000000000000124
0.1
13.699999999999969
7.19999999999999
0.6000000000000003
5.299999999999997
22.80000000000005
10.999999999999973
10.29999999999998
64.00000000000065
31.700000000000195
14.59999999999996
2.9000000000000012
18.899999999999995
14.79999999999996
7.899999999999988
52.600000000000506
16.799999999999965
4.799999999999999
18.799999999999997
1.6000000000000003
7.49999999999999
1.5000000000000002
71.50000000000017
7.499999999999989
30.700000000000177
33.10000000000019
40.70000000000034
18.59999999999999
89.79999999999913
3.6000000000000023
8.799999999999985
8.399999999999983
4.300000000000001
11.999999999999973
1.8000000000000005
9.499999999999982
29.900000000000166
21.000000000000025
12.399999999999968
38.50000000000029
80.1999999999997
11.199999999999976
59.00000000000061
42.80000000000037
6.699999999999992
6.29999999999999
25.80000000000011
7.099999999999991
47.700000000000436
4.100000000000001
40.20000000000031
30.200000000000173
62.10000000000065
19.200000000000017
16.99999999999997
13.999999999999966
3.3000000000000025
28.800000000000136
2.500000000000001
2.700000000000001
9.499999999999982
14.299999999999962
4.4
1.2
10.699999999999978
29.800000000000164
0.4
23.000000000000053
5.299999999999997
12.39999999999997
9.19999999999998
15.199999999999962
6.199999999999994
19.400000000000002
10.29999999999998
0.7999999999999998
9.299999999999983
25.000000000000096
4.899999999999999
2.3000000000000007
35.40000000000024
40.60000000000033
12.399999999999968
9.699999999999982
6.499999999999993
4.7
2.700000000000001
2.3000000000000007
9.699999999999978
1.3
60.900000000000624
2.3000000000000007
32.400000000000205
73.10000000000015
40.20000000000033
4.000000000000002
7.799999999999988
10.499999999999979
30.20000000000017
34.60000000000023
11.199999999999973
30.300000000000157
19.200000000000017
32.6000000000002
32.7000000000002
22.80000000000005
10.799999999999974
27.100000000000126
22.900000000000052
4.699999999999999
6.699999999999993
41.10000000000032
7.59999999999999
11.299999999999972
20.70000000000002
3.2000000000000015
7.599999999999985
1.0999999999999999
8.599999999999985
33.700000000000216
0.4
10.899999999999974
11.999999999999973
14.599999999999964
29.00000000000016
35.20000000000024
0.9999999999999999
4.7
12.69999999999997
2.800000000000001
9.89999999999998
45.400000000000404
0.9999999999999999
2.1000000000000005
1.3000000000000005
8.899999999999984
48.40000000000044
10.099999999999977
11.199999999999976
13.699999999999969
3.700000000000002
0.9999999999999999
16.599999999999962
48.30000000000044
13.599999999999964
3.900000000000002
14.89999999999996
10.899999999999974
0.4
0.30000000000000004
14.79999999999996
3.1000000000000014
39.90000000000032
2.3000000000000007
12.099999999999973
14.299999999999962
29.900000000000166
26.800000000000107
1.5000000000000002
10.29999999999998
2.2000000000000006
12.899999999999972
21.100000000000048
6.299999999999994
3.3000000000000016
22.10000000000004
27.10000000000013
5.099999999999996
28.80000000000015
21.800000000000036
70.20000000000032
31.9000000000002
0.7000000000000004
7.899999999999988
2.500000000000001
39.200000000000294
16.79999999999997
4.200000000000001
25.200000000000085
15.099999999999959
36.00000000000025
20.70000000000002
10.099999999999982
41.700000000000344
5.699999999999996
16.19999999999996
40.00000000000032
5.299999999999997
7.19999999999999
15.599999999999962
27.900000000000137
37.900000000000276
7.299999999999991
5.099999999999998
9.09999999999998
5.1999999999999975
24.700000000000095
27.40000000000013
10.999999999999977
7.29999999999999
3.0000000000000013
11.89999999999997
3.0000000000000013
3.800000000000002
0.5999999999999999
1.0999999999999999
26.60000000000012
6.199999999999994
10.799999999999978
8.499999999999982
0.30000000000000004
11.69999999999997
49.40000000000045
14.399999999999961
11.99999999999997
